1 0 0 
0.99996 1.59992e-05 2.4e-05 
0.99992001 1.7133207e-05 6.2854021e-05 
0.99988004 1.769136e-05 0.00010226917 
0.99984008 1.7992155e-05 0.00014192678 
0.99980014 1.8160798e-05 0.00018170159 
0.99976021 1.8256797e-05 0.0002215341 
0.9997203 1.8311355e-05 0.00026139312 
0.9996804 1.8341772e-05 0.00030126137 
0.99964051 1.835795e-05 0.00034112898 
0.99960064 1.8365668e-05 0.00038099017 
0.99956079 1.8368338e-05 0.00042084156 
0.99952095 1.8367987e-05 0.00046068114 
0.99948113 1.8365825e-05 0.0005005077 
0.99944132 1.8362576e-05 0.00054032055 
0.99940152 1.8358674e-05 0.00058011925 
0.99936174 1.8354379e-05 0.00061990355 
0.99932198 1.8349848e-05 0.00065967332 
0.99928223 1.8345174e-05 0.00069942847 
0.99924249 1.8340415e-05 0.00073916896 
0.99920277 1.8335603e-05 0.00077889475 
0.99916306 1.833076e-05 0.00081860585 
0.99912337 1.8325897e-05 0.00085830225 
0.9990837 1.8321023e-05 0.00089798395 
0.99904403 1.831614e-05 0.00093765097 
0.99900439 1.8311253e-05 0.0009773033 
0.99896475 1.8306362e-05 0.001016941 
0.99892513 1.8301469e-05 0.001056564 
0.99888553 1.8296574e-05 0.0010961723 
0.99884594 1.8291678e-05 0.001135766 
0.99880637 1.828678e-05 0.0011753451 
0.99876681 1.8281882e-05 0.0012149095 
0.99872726 1.8276982e-05 0.0012544594 
0.99868773 1.8272081e-05 0.0012939946 
0.99864822 1.826718e-05 0.0013335153 
0.99860872 1.8262277e-05 0.0013730213 
0.99856923 1.8257373e-05 0.0014125128 
0.99852976 1.8252469e-05 0.0014519898 
0.9984903 1.8247563e-05 0.0014914522 
0.99845086 1.8242657e-05 0.0015309 
0.99841143 1.823775e-05 0.0015703334 
0.99837201 1.8232842e-05 0.0016097522 
0.99833262 1.8227932e-05 0.0016491565 
0.99829323 1.8223022e-05 0.0016885463 
0.99825386 1.8218111e-05 0.0017279216 
0.9982145 1.82132e-05 0.0017672825 
0.99817516 1.8208287e-05 0.0018066289 
0.99813584 1.8203373e-05 0.0018459608 
0.99809652 1.8198458e-05 0.0018852783 
0.99805723 1.8193543e-05 0.0019245814 
0.99801794 1.8188627e-05 0.00196387 
0.99797867 1.8183709e-05 0.0020031443 
0.99793942 1.8178791e-05 0.0020424041 
0.99790018 1.8173872e-05 0.0020816496 
0.99786095 1.8168952e-05 0.0021208806 
0.99782174 1.8164031e-05 0.0021600973 
0.99778254 1.8159109e-05 0.0021992997 
0.99774336 1.8154186e-05 0.0022384877 
0.99770419 1.8149262e-05 0.0022776613 
0.99766504 1.8144338e-05 0.0023168206 
0.99762589 1.8139412e-05 0.0023559656 
0.99758677 1.8134486e-05 0.0023950963 
0.99754766 1.8129558e-05 0.0024342127 
0.99750856 1.812463e-05 0.0024733148 
0.99746948 1.8119701e-05 0.0025124027 
0.99743041 1.8114771e-05 0.0025514763 
0.99739135 1.810984e-05 0.0025905356 
0.99735231 1.8104908e-05 0.0026295806 
0.99731329 1.8099976e-05 0.0026686115 
0.99727428 1.8095042e-05 0.0027076281 
0.99723528 1.8090108e-05 0.0027466305 
0.9971963 1.8085172e-05 0.0027856187 
0.99715733 1.8080236e-05 0.0028245927 
0.99711837 1.8075299e-05 0.0028635525 
0.99707943 1.8070361e-05 0.0029024981 
0.9970405 1.8065422e-05 0.0029414296 
0.99700159 1.8060482e-05 0.0029803469 
0.99696269 1.8055541e-05 0.0030192501 
0.99692381 1.8050599e-05 0.0030581392 
0.99688494 1.8045657e-05 0.0030970141 
0.99684608 1.8040713e-05 0.0031358749 
0.99680724 1.8035769e-05 0.0031747216 
0.99676841 1.8030824e-05 0.0032135542 
0.9967296 1.8025878e-05 0.0032523728 
0.9966908 1.8020931e-05 0.0032911772 
0.99665202 1.8015983e-05 0.0033299676 
0.99661324 1.8011034e-05 0.003368744 
0.99657449 1.8006085e-05 0.0034075063 
0.99653574 1.8001134e-05 0.0034462546 
0.99649701 1.7996183e-05 0.0034849888 
0.9964583 1.7991231e-05 0.0035237091 
0.9964196 1.7986278e-05 0.0035624153 
0.99638091 1.7981323e-05 0.0036011076 
0.99634224 1.7976369e-05 0.0036397859 
0.99630358 1.7971413e-05 0.0036784502 
0.99626493 1.7966456e-05 0.0037171005 
0.9962263 1.7961499e-05 0.0037557369 
0.99618768 1.795654e-05 0.0037943593 
0.99614908 1.7951581e-05 0.0038329679 
0.99611049 1.7946621e-05 0.0038715625 
0.99607192 1.794166e-05 0.0039101431 
0.99603335 1.7936698e-05 0.0039487099 
0.99599481 1.7931735e-05 0.0039872628 
0.99595627 1.7926772e-05 0.0040258018 
0.99591775 1.7921807e-05 0.004064327 
0.99587924 1.7916842e-05 0.0041028382 
0.99584075 1.7911876e-05 0.0041413357 
0.99580227 1.7906908e-05 0.0041798193 
0.99576381 1.790194e-05 0.004218289 
0.99572536 1.7896972e-05 0.0042567449 
0.99568692 1.7892002e-05 0.0042951871 
0.9956485 1.7887031e-05 0.0043336154 
0.99561009 1.788206e-05 0.0043720299 
0.99557169 1.7877088e-05 0.0044104306 
0.99553331 1.7872115e-05 0.0044488176 
0.99549494 1.7867141e-05 0.0044871908 
0.99545659 1.7862166e-05 0.0045255503 
0.99541825 1.785719e-05 0.004563896 
0.99537992 1.7852213e-05 0.004602228 
0.99534161 1.7847236e-05 0.0046405462 
0.99530331 1.7842258e-05 0.0046788508 
0.99526502 1.7837279e-05 0.0047171416 
0.99522675 1.7832299e-05 0.0047554188 
0.99518849 1.7827318e-05 0.0047936822 
0.99515025 1.7822336e-05 0.004831932 
0.99511201 1.7817353e-05 0.0048701681 
0.9950738 1.781237e-05 0.0049083906 
0.99503559 1.7807386e-05 0.0049465994 
0.9949974 1.7802401e-05 0.0049847946 
0.99495923 1.7797415e-05 0.0050229762 
0.99492106 1.7792428e-05 0.0050611441 
0.99488291 1.778744e-05 0.0050992985 
0.99484478 1.7782452e-05 0.0051374392 
0.99480666 1.7777462e-05 0.0051755664 
0.99476855 1.7772472e-05 0.00521368 
0.99473045 1.7767481e-05 0.00525178 
0.99469237 1.7762489e-05 0.0052898664 
0.9946543 1.7757496e-05 0.0053279394 
0.99461625 1.7752503e-05 0.0053659987 
0.99457821 1.7747509e-05 0.0054040446 
0.99454018 1.7742513e-05 0.0054420769 
0.99450217 1.7737517e-05 0.0054800957 
0.99446417 1.773252e-05 0.005518101 
0.99442618 1.7727522e-05 0.0055560928 
0.99438821 1.7722524e-05 0.0055940712 
0.99435025 1.7717524e-05 0.0056320361 
0.9943123 1.7712524e-05 0.0056699875 
0.99427437 1.7707523e-05 0.0057079254 
0.99423645 1.7702521e-05 0.0057458499 
0.99419854 1.7697518e-05 0.005783761 
0.99416065 1.7692515e-05 0.0058216587 
0.99412277 1.768751e-05 0.0058595429 
0.9940849 1.7682505e-05 0.0058974138 
0.99404705 1.7677499e-05 0.0059352712 
0.99400921 1.7672492e-05 0.0059731153 
0.99397139 1.7667484e-05 0.006010946 
0.99393357 1.7662476e-05 0.0060487633 
0.99389578 1.7657466e-05 0.0060865673 
0.99385799 1.7652456e-05 0.0061243579 
0.99382022 1.7647445e-05 0.0061621352 
0.99378246 1.7642433e-05 0.0061998991 
0.99374471 1.763742e-05 0.0062376497 
0.99370698 1.7632407e-05 0.0062753871 
0.99366926 1.7627392e-05 0.0063131111 
0.99363156 1.7622377e-05 0.0063508218 
0.99359386 1.7617361e-05 0.0063885193 
0.99355618 1.7612344e-05 0.0064262034 
0.99351852 1.7607327e-05 0.0064638744 
0.99348087 1.7602308e-05 0.006501532 
0.99344323 1.7597289e-05 0.0065391765 
0.9934056 1.7592269e-05 0.0065768076 
0.99336799 1.7587248e-05 0.0066144256 
0.99333039 1.7582226e-05 0.0066520304 
0.9932928 1.7577204e-05 0.0066896219 
0.99325523 1.757218e-05 0.0067272002 
0.99321767 1.7567156e-05 0.0067647654 
0.99318012 1.7562131e-05 0.0068023174 
0.99314259 1.7557105e-05 0.0068398562 
0.99310507 1.7552079e-05 0.0068773818 
0.99306756 1.7547051e-05 0.0069148943 
0.99303006 1.7542023e-05 0.0069523937 
0.99299258 1.7536994e-05 0.0069898799 
0.99295511 1.7531964e-05 0.007027353 
0.99291766 1.7526934e-05 0.007064813 
0.99288022 1.7521902e-05 0.0071022599 
0.99284279 1.751687e-05 0.0071396937 
0.99280537 1.7511837e-05 0.0071771144 
0.99276797 1.7506803e-05 0.0072145221 
0.99273058 1.7501768e-05 0.0072519166 
0.99269321 1.7496733e-05 0.0072892982 
0.99265584 1.7491697e-05 0.0073266666 
0.99261849 1.748666e-05 0.007364022 
0.99258115 1.7481622e-05 0.0074013644 
0.99254383 1.7476583e-05 0.0074386938 
0.99250652 1.7471544e-05 0.0074760102 
0.99246922 1.7466504e-05 0.0075133135 
0.99243193 1.7461462e-05 0.0075506039 
0.99239466 1.7456421e-05 0.0075878813 
0.9923574 1.7451378e-05 0.0076251457 
0.99232016 1.7446335e-05 0.0076623971 
0.99228292 1.744129e-05 0.0076996356 
0.9922457 1.7436245e-05 0.0077368612 
0.9922085 1.74312e-05 0.0077740738 
0.9921713 1.7426153e-05 0.0078112734 
0.99213412 1.7421106e-05 0.0078484602 
0.99209695 1.7416057e-05 0.007885634 
0.99205979 1.7411009e-05 0.007922795 
0.99202265 1.7405959e-05 0.007959943 
0.99198552 1.7400908e-05 0.0079970782 
0.9919484 1.7395857e-05 0.0080342005 
0.9919113 1.7390805e-05 0.0080713099 
0.99187421 1.7385752e-05 0.0081084064 
0.99183713 1.7380698e-05 0.0081454902 
0.99180006 1.7375644e-05 0.008182561 
0.99176301 1.7370589e-05 0.0082196191 
0.99172597 1.7365533e-05 0.0082566643 
0.99168894 1.7360476e-05 0.0082936967 
0.99165193 1.7355418e-05 0.0083307164 
0.99161493 1.735036e-05 0.0083677232 
0.99157794 1.7345301e-05 0.0084047172 
0.99154096 1.7340241e-05 0.0084416985 
0.991504 1.733518e-05 0.008478667 
0.99146705 1.7330119e-05 0.0085156227 
0.99143011 1.7325057e-05 0.0085525657 
0.99139318 1.7319994e-05 0.008589496 
0.99135627 1.731493e-05 0.0086264135 
0.99131937 1.7309865e-05 0.0086633183 
0.99128248 1.73048e-05 0.0087002104 
0.99124561 1.7299734e-05 0.0087370897 
0.99120875 1.7294667e-05 0.0087739564 
0.9911719 1.72896e-05 0.0088108104 
0.99113506 1.7284531e-05 0.0088476517 
0.99109824 1.7279462e-05 0.0088844804 
0.99106143 1.7274392e-05 0.0089212964 
0.99102463 1.7269321e-05 0.0089580997 
0.99098785 1.726425e-05 0.0089948904 
0.99095107 1.7259178e-05 0.0090316685 
0.99091431 1.7254105e-05 0.009068434 
0.99087756 1.7249031e-05 0.0091051868 
0.99084083 1.7243957e-05 0.009141927 
0.99080411 1.7238881e-05 0.0091786546 
0.9907674 1.7233805e-05 0.0092153697 
0.9907307 1.7228729e-05 0.0092520721 
0.99069401 1.7223651e-05 0.009288762 
0.99065734 1.7218573e-05 0.0093254393 
0.99062068 1.7213494e-05 0.0093621041 
0.99058404 1.7208414e-05 0.0093987563 
0.9905474 1.7203333e-05 0.009435396 
0.99051078 1.7198252e-05 0.0094720232 
0.99047417 1.719317e-05 0.0095086378 
0.99043757 1.7188087e-05 0.00954524 
0.99040099 1.7183004e-05 0.0095818296 
0.99036442 1.7177919e-05 0.0096184067 
0.99032786 1.7172834e-05 0.0096549714 
0.99029131 1.7167749e-05 0.0096915236 
0.99025477 1.7162662e-05 0.0097280633 
0.99021825 1.7157575e-05 0.0097645906 
0.99018174 1.7152487e-05 0.0098011054 
0.99014524 1.7147398e-05 0.0098376077 
0.99010876 1.7142308e-05 0.0098740977 
0.99007229 1.7137218e-05 0.0099105752 
0.99003583 1.7132127e-05 0.0099470403 
0.98999938 1.7127035e-05 0.009983493 
0.98996294 1.7121943e-05 0.010019933 
0.98992652 1.711685e-05 0.010056361 
0.98989011 1.7111756e-05 0.010092777 
0.98985371 1.7106661e-05 0.01012918 
0.98981733 1.7101565e-05 0.010165571 
0.98978095 1.7096469e-05 0.010201949 
0.98974459 1.7091372e-05 0.010238315 
0.98970824 1.7086275e-05 0.010274669 
0.98967191 1.7081176e-05 0.01031101 
0.98963558 1.7076077e-05 0.01034734 
0.98959927 1.7070977e-05 0.010383656 
0.98956297 1.7065877e-05 0.010419961 
0.98952669 1.7060775e-05 0.010456253 
0.98949041 1.7055673e-05 0.010492533 
0.98945415 1.705057e-05 0.010528801 
0.9894179 1.7045467e-05 0.010565056 
0.98938166 1.7040363e-05 0.010601299 
0.98934543 1.7035258e-05 0.01063753 
0.98930922 1.7030152e-05 0.010673749 
0.98927302 1.7025045e-05 0.010709955 
0.98923683 1.7019938e-05 0.010746149 
0.98920065 1.701483e-05 0.010782331 
0.98916449 1.7009722e-05 0.010818501 
0.98912834 1.7004612e-05 0.010854658 
0.9890922 1.6999502e-05 0.010890804 
0.98905607 1.6994392e-05 0.010926937 
0.98901995 1.698928e-05 0.010963058 
0.98898385 1.6984168e-05 0.010999167 
0.98894776 1.6979055e-05 0.011035263 
0.98891168 1.6973941e-05 0.011071348 
0.98887561 1.6968827e-05 0.01110742 
0.98883956 1.6963712e-05 0.011143481 
0.98880351 1.6958596e-05 0.011179529 
0.98876748 1.6953479e-05 0.011215565 
0.98873146 1.6948362e-05 0.011251589 
0.98869546 1.6943244e-05 0.0112876 
0.98865946 1.6938126e-05 0.0113236 
0.98862348 1.6933006e-05 0.011359588 
0.98858751 1.6927886e-05 0.011395563 
0.98855155 1.6922765e-05 0.011431527 
0.9885156 1.6917644e-05 0.011467478 
0.98847967 1.6912522e-05 0.011503418 
0.98844375 1.6907399e-05 0.011539345 
0.98840784 1.6902275e-05 0.01157526 
0.98837194 1.6897151e-05 0.011611164 
0.98833605 1.6892026e-05 0.011647055 
0.98830018 1.68869e-05 0.011682934 
0.98826432 1.6881773e-05 0.011718801 
0.98822847 1.6876646e-05 0.011754657 
0.98819263 1.6871518e-05 0.0117905 
0.9881568 1.686639e-05 0.011826331 
0.98812099 1.6861261e-05 0.011862151 
0.98808519 1.6856131e-05 0.011897958 
0.9880494 1.6851e-05 0.011933753 
0.98801362 1.6845869e-05 0.011969537 
0.98797785 1.6840737e-05 0.012005309 
0.9879421 1.6835604e-05 0.012041068 
0.98790635 1.6830471e-05 0.012076816 
0.98787062 1.6825336e-05 0.012112552 
0.9878349 1.6820202e-05 0.012148276 
0.9877992 1.6815066e-05 0.012183988 
0.9877635 1.680993e-05 0.012219688 
0.98772782 1.6804793e-05 0.012255376 
0.98769215 1.6799655e-05 0.012291053 
0.98765649 1.6794517e-05 0.012326717 
0.98762084 1.6789378e-05 0.01236237 
0.98758521 1.6784238e-05 0.012398011 
0.98754958 1.6779098e-05 0.01243364 
0.98751397 1.6773957e-05 0.012469257 
0.98747837 1.6768815e-05 0.012504862 
0.98744278 1.6763673e-05 0.012540456 
0.9874072 1.675853e-05 0.012576038 
0.98737164 1.6753386e-05 0.012611608 
0.98733609 1.6748242e-05 0.012647166 
0.98730054 1.6743096e-05 0.012682712 
0.98726502 1.6737951e-05 0.012718247 
0.9872295 1.6732804e-05 0.01275377 
0.98719399 1.6727657e-05 0.012789281 
0.9871585 1.6722509e-05 0.01282478 
0.98712301 1.6717361e-05 0.012860268 
0.98708754 1.6712211e-05 0.012895744 
0.98705208 1.6707062e-05 0.012931208 
0.98701664 1.6701911e-05 0.012966661 
0.9869812 1.669676e-05 0.013002101 
0.98694578 1.6691608e-05 0.013037531 
0.98691037 1.6686455e-05 0.013072948 
0.98687496 1.6681302e-05 0.013108354 
0.98683958 1.6676148e-05 0.013143748 
0.9868042 1.6670993e-05 0.01317913 
0.98676883 1.6665838e-05 0.013214501 
0.98673348 1.6660682e-05 0.01324986 
0.98669814 1.6655526e-05 0.013285207 
0.98666281 1.6650368e-05 0.013320543 
0.98662749 1.664521e-05 0.013355867 
0.98659218 1.6640052e-05 0.01339118 
0.98655688 1.6634893e-05 0.013426481 
0.9865216 1.6629733e-05 0.01346177 
0.98648633 1.6624572e-05 0.013497048 
0.98645107 1.6619411e-05 0.013532314 
0.98641582 1.6614249e-05 0.013567569 
0.98638058 1.6609086e-05 0.013602812 
0.98634535 1.6603923e-05 0.013638043 
0.98631014 1.6598759e-05 0.013673263 
0.98627493 1.6593595e-05 0.013708472 
0.98623974 1.6588429e-05 0.013743669 
0.98620456 1.6583263e-05 0.013778854 
0.98616939 1.6578097e-05 0.013814028 
0.98613424 1.657293e-05 0.01384919 
0.98609909 1.6567762e-05 0.013884341 
0.98606396 1.6562593e-05 0.01391948 
0.98602883 1.6557424e-05 0.013954608 
0.98599372 1.6552255e-05 0.013989724 
0.98595862 1.6547084e-05 0.014024829 
0.98592354 1.6541913e-05 0.014059922 
0.98588846 1.6536741e-05 0.014095004 
0.98585339 1.6531569e-05 0.014130075 
0.98581834 1.6526396e-05 0.014165134 
0.9857833 1.6521222e-05 0.014200181 
0.98574827 1.6516048e-05 0.014235218 
0.98571325 1.6510873e-05 0.014270242 
0.98567824 1.6505697e-05 0.014305256 
0.98564324 1.6500521e-05 0.014340258 
0.98560826 1.6495344e-05 0.014375248 
0.98557328 1.6490166e-05 0.014410227 
0.98553832 1.6484988e-05 0.014445195 
0.98550337 1.6479809e-05 0.014480151 
0.98546843 1.647463e-05 0.014515096 
0.9854335 1.646945e-05 0.01455003 
0.98539858 1.6464269e-05 0.014584953 
0.98536368 1.6459088e-05 0.014619863 
0.98532878 1.6453906e-05 0.014654763 
0.9852939 1.6448723e-05 0.014689651 
0.98525903 1.644354e-05 0.014724528 
0.98522417 1.6438356e-05 0.014759394 
0.98518932 1.6433171e-05 0.014794249 
0.98515448 1.6427986e-05 0.014829092 
0.98511965 1.64228e-05 0.014863924 
0.98508484 1.6417614e-05 0.014898744 
0.98505003 1.6412426e-05 0.014933553 
0.98501524 1.6407239e-05 0.014968351 
0.98498046 1.640205e-05 0.015003138 
0.98494569 1.6396861e-05 0.015037914 
0.98491093 1.6391672e-05 0.015072678 
0.98487618 1.6386481e-05 0.015107431 
0.98484145 1.6381291e-05 0.015142173 
0.98480672 1.6376099e-05 0.015176903 
0.98477201 1.6370907e-05 0.015211623 
0.9847373 1.6365714e-05 0.015246331 
0.98470261 1.6360521e-05 0.015281028 
0.98466793 1.6355327e-05 0.015315714 
0.98463326 1.6350132e-05 0.015350388 
0.9845986 1.6344937e-05 0.015385052 
0.98456396 1.6339741e-05 0.015419704 
0.98452932 1.6334545e-05 0.015454345 
0.9844947 1.6329348e-05 0.015488975 
0.98446008 1.632415e-05 0.015523594 
0.98442548 1.6318952e-05 0.015558201 
0.98439089 1.6313753e-05 0.015592798 
0.98435631 1.6308553e-05 0.015627383 
0.98432174 1.6303353e-05 0.015661958 
0.98428718 1.6298152e-05 0.015696521 
0.98425263 1.6292951e-05 0.015731073 
0.9842181 1.6287749e-05 0.015765614 
0.98418357 1.6282546e-05 0.015800144 
0.98414906 1.6277343e-05 0.015834663 
0.98411456 1.6272139e-05 0.015869171 
0.98408007 1.6266935e-05 0.015903668 
0.98404558 1.626173e-05 0.015938153 
0.98401112 1.6256524e-05 0.015972628 
0.98397666 1.6251318e-05 0.016007092 
0.98394221 1.6246111e-05 0.016041544 
0.98390777 1.6240904e-05 0.016075986 
0.98387335 1.6235695e-05 0.016110416 
0.98383893 1.6230487e-05 0.016144836 
0.98380453 1.6225277e-05 0.016179244 
0.98377014 1.6220068e-05 0.016213642 
0.98373576 1.6214857e-05 0.016248029 
0.98370139 1.6209646e-05 0.016282404 
0.98366703 1.6204434e-05 0.016316769 
0.98363268 1.6199222e-05 0.016351123 
0.98359834 1.6194009e-05 0.016385465 
0.98356401 1.6188796e-05 0.016419797 
0.9835297 1.6183582e-05 0.016454118 
0.98349539 1.6178367e-05 0.016488428 
0.9834611 1.6173152e-05 0.016522727 
0.98342682 1.6167936e-05 0.016557015 
0.98339255 1.616272e-05 0.016591292 
0.98335828 1.6157503e-05 0.016625558 
0.98332403 1.6152285e-05 0.016659814 
0.98328979 1.6147067e-05 0.016694058 
0.98325557 1.6141848e-05 0.016728292 
0.98322135 1.6136629e-05 0.016762514 
0.98318714 1.6131409e-05 0.016796726 
0.98315295 1.6126188e-05 0.016830927 
0.98311876 1.6120967e-05 0.016865117 
0.98308459 1.6115745e-05 0.016899297 
0.98305042 1.6110523e-05 0.016933465 
0.98301627 1.61053e-05 0.016967623 
0.98298213 1.6100076e-05 0.01700177 
0.982948 1.6094852e-05 0.017035906 
0.98291388 1.6089628e-05 0.017070031 
0.98287977 1.6084402e-05 0.017104145 
0.98284567 1.6079177e-05 0.017138249 
0.98281158 1.607395e-05 0.017172342 
0.98277751 1.6068723e-05 0.017206424 
0.98274344 1.6063496e-05 0.017240495 
0.98270939 1.6058268e-05 0.017274555 
0.98267534 1.6053039e-05 0.017308605 
0.98264131 1.604781e-05 0.017342644 
0.98260728 1.604258e-05 0.017376672 
0.98257327 1.6037349e-05 0.01741069 
0.98253927 1.6032118e-05 0.017444697 
0.98250528 1.6026887e-05 0.017478693 
0.9824713 1.6021655e-05 0.017512678 
0.98243733 1.6016422e-05 0.017546653 
0.98240337 1.6011189e-05 0.017580617 
0.98236942 1.6005955e-05 0.01761457 
0.98233549 1.600072e-05 0.017648513 
0.98230156 1.5995485e-05 0.017682445 
0.98226764 1.599025e-05 0.017716366 
0.98223374 1.5985014e-05 0.017750277 
0.98219984 1.5979777e-05 0.017784176 
0.98216596 1.597454e-05 0.017818066 
0.98213209 1.5969302e-05 0.017851944 
0.98209822 1.5964064e-05 0.017885812 
0.98206437 1.5958825e-05 0.01791967 
0.98203053 1.5953585e-05 0.017953517 
0.9819967 1.5948345e-05 0.017987353 
0.98196288 1.5943105e-05 0.018021178 
0.98192907 1.5937863e-05 0.018054993 
0.98189527 1.5932622e-05 0.018088798 
0.98186148 1.5927379e-05 0.018122591 
0.9818277 1.5922137e-05 0.018156374 
0.98179394 1.5916893e-05 0.018190147 
0.98176018 1.5911649e-05 0.018223909 
0.98172643 1.5906405e-05 0.018257661 
0.9816927 1.590116e-05 0.018291402 
0.98165897 1.5895914e-05 0.018325132 
0.98162526 1.5890668e-05 0.018358852 
0.98159155 1.5885421e-05 0.018392561 
0.98155786 1.5880174e-05 0.01842626 
0.98152418 1.5874926e-05 0.018459949 
0.9814905 1.5869678e-05 0.018493626 
0.98145684 1.5864429e-05 0.018527294 
0.98142319 1.5859179e-05 0.018560951 
0.98138955 1.5853929e-05 0.018594597 
0.98135592 1.5848679e-05 0.018628233 
0.9813223 1.5843428e-05 0.018661858 
0.98128869 1.5838176e-05 0.018695473 
0.98125509 1.5832924e-05 0.018729078 
0.9812215 1.5827671e-05 0.018762672 
0.98118792 1.5822418e-05 0.018796255 
0.98115435 1.5817164e-05 0.018829828 
0.9811208 1.581191e-05 0.018863391 
0.98108725 1.5806655e-05 0.018896943 
0.98105371 1.5801399e-05 0.018930485 
0.98102019 1.5796143e-05 0.018964017 
0.98098667 1.5790887e-05 0.018997538 
0.98095317 1.578563e-05 0.019031049 
0.98091967 1.5780372e-05 0.019064549 
0.98088619 1.5775114e-05 0.019098039 
0.98085271 1.5769856e-05 0.019131518 
0.98081925 1.5764596e-05 0.019164988 
0.98078579 1.5759337e-05 0.019198446 
0.98075235 1.5754076e-05 0.019231895 
0.98071892 1.5748816e-05 0.019265333 
0.9806855 1.5743554e-05 0.019298761 
0.98065208 1.5738292e-05 0.019332178 
0.98061868 1.573303e-05 0.019365586 
0.98058529 1.5727767e-05 0.019398982 
0.98055191 1.5722504e-05 0.019432369 
0.98051854 1.571724e-05 0.019465745 
0.98048518 1.5711975e-05 0.019499111 
0.98045183 1.570671e-05 0.019532467 
0.98041849 1.5701445e-05 0.019565812 
0.98038516 1.5696179e-05 0.019599147 
0.98035184 1.5690912e-05 0.019632472 
0.98031853 1.5685645e-05 0.019665786 
0.98028523 1.5680378e-05 0.019699091 
0.98025194 1.5675109e-05 0.019732385 
0.98021866 1.5669841e-05 0.019765669 
0.98018539 1.5664572e-05 0.019798942 
0.98015214 1.5659302e-05 0.019832206 
0.98011889 1.5654032e-05 0.019865459 
0.98008565 1.5648761e-05 0.019898702 
0.98005242 1.564349e-05 0.019931934 
0.98001921 1.5638218e-05 0.019965157 
0.979986 1.5632946e-05 0.019998369 
0.9799528 1.5627673e-05 0.020031571 
0.97991961 1.56224e-05 0.020064763 
0.97988644 1.5617126e-05 0.020097945 
0.97985327 1.5611852e-05 0.020131117 
0.97982012 1.5606577e-05 0.020164278 
0.97978697 1.5601301e-05 0.020197429 
0.97975383 1.5596025e-05 0.02023057 
0.97972071 1.5590749e-05 0.020263701 
0.97968759 1.5585472e-05 0.020296822 
0.97965449 1.5580195e-05 0.020329933 
0.97962139 1.5574917e-05 0.020363034 
0.97958831 1.5569639e-05 0.020396124 
0.97955523 1.556436e-05 0.020429205 
0.97952217 1.555908e-05 0.020462275 
0.97948911 1.5553801e-05 0.020495335 
0.97945607 1.554852e-05 0.020528385 
0.97942303 1.5543239e-05 0.020561425 
0.97939001 1.5537958e-05 0.020594455 
0.97935699 1.5532676e-05 0.020627475 
0.97932399 1.5527394e-05 0.020660485 
0.97929099 1.5522111e-05 0.020693485 
0.97925801 1.5516827e-05 0.020726475 
0.97922503 1.5511543e-05 0.020759454 
0.97919207 1.5506259e-05 0.020792424 
0.97915912 1.5500974e-05 0.020825384 
0.97912617 1.5495689e-05 0.020858333 
0.97909324 1.5490403e-05 0.020891273 
0.97906031 1.5485117e-05 0.020924203 
0.9790274 1.547983e-05 0.020957122 
0.97899449 1.5474542e-05 0.020990032 
0.9789616 1.5469254e-05 0.021022932 
0.97892871 1.5463966e-05 0.021055821 
0.97889584 1.5458677e-05 0.021088701 
0.97886298 1.5453388e-05 0.021121571 
0.97883012 1.5448098e-05 0.021154431 
0.97879728 1.5442808e-05 0.02118728 
0.97876444 1.5437517e-05 0.02122012 
0.97873162 1.5432226e-05 0.02125295 
0.9786988 1.5426934e-05 0.02128577 
0.978666 1.5421642e-05 0.02131858 
0.9786332 1.5416349e-05 0.02135138 
0.97860042 1.5411056e-05 0.021384171 
0.97856764 1.5405762e-05 0.021416951 
0.97853488 1.5400468e-05 0.021449722 
0.97850212 1.5395174e-05 0.021482482 
0.97846938 1.5389879e-05 0.021515233 
0.97843664 1.5384583e-05 0.021547974 
0.97840392 1.5379287e-05 0.021580705 
0.9783712 1.537399e-05 0.021613426 
0.97833849 1.5368693e-05 0.021646137 
0.9783058 1.5363396e-05 0.021678838 
0.97827311 1.5358098e-05 0.02171153 
0.97824044 1.5352799e-05 0.021744211 
0.97820777 1.5347501e-05 0.021776883 
0.97817511 1.5342201e-05 0.021809545 
0.97814247 1.5336901e-05 0.021842197 
0.97810983 1.5331601e-05 0.02187484 
0.9780772 1.53263e-05 0.021907472 
0.97804458 1.5320999e-05 0.021940095 
0.97801198 1.5315697e-05 0.021972708 
0.97797938 1.5310395e-05 0.022005311 
0.97794679 1.5305092e-05 0.022037905 
0.97791421 1.5299789e-05 0.022070488 
0.97788164 1.5294486e-05 0.022103062 
0.97784908 1.5289181e-05 0.022135626 
0.97781654 1.5283877e-05 0.02216818 
0.977784 1.5278572e-05 0.022200725 
0.97775147 1.5273266e-05 0.02223326 
0.97771895 1.526796e-05 0.022265785 
0.97768644 1.5262654e-05 0.0222983 
0.97765394 1.5257347e-05 0.022330806 
0.97762145 1.525204e-05 0.022363302 
0.97758897 1.5246732e-05 0.022395788 
0.97755649 1.5241424e-05 0.022428265 
0.97752403 1.5236115e-05 0.022460731 
0.97749158 1.5230806e-05 0.022493189 
0.97745914 1.5225496e-05 0.022525636 
0.97742671 1.5220186e-05 0.022558074 
0.97739428 1.5214876e-05 0.022590502 
0.97736187 1.5209565e-05 0.02262292 
0.97732947 1.5204253e-05 0.022655329 
0.97729707 1.5198942e-05 0.022687728 
0.97726469 1.5193629e-05 0.022720118 
0.97723231 1.5188316e-05 0.022752497 
0.97719995 1.5183003e-05 0.022784868 
0.97716759 1.517769e-05 0.022817228 
0.97713525 1.5172375e-05 0.022849579 
0.97710291 1.5167061e-05 0.02288192 
0.97707059 1.5161746e-05 0.022914252 
0.97703827 1.515643e-05 0.022946574 
0.97700596 1.5151114e-05 0.022978887 
0.97697366 1.5145798e-05 0.02301119 
0.97694138 1.5140481e-05 0.023043483 
0.9769091 1.5135164e-05 0.023075767 
0.97687683 1.5129846e-05 0.023108041 
0.97684457 1.5124528e-05 0.023140306 
0.97681232 1.511921e-05 0.023172561 
0.97678008 1.511389e-05 0.023204806 
0.97674785 1.5108571e-05 0.023237042 
0.97671563 1.5103251e-05 0.023269269 
0.97668342 1.5097931e-05 0.023301486 
0.97665121 1.509261e-05 0.023333693 
0.97661902 1.5087289e-05 0.023365891 
0.97658684 1.5081967e-05 0.023398079 
0.97655467 1.5076645e-05 0.023430258 
0.9765225 1.5071322e-05 0.023462427 
0.97649035 1.5065999e-05 0.023494587 
0.9764582 1.5060676e-05 0.023526737 
0.97642607 1.5055352e-05 0.023558878 
0.97639394 1.5050028e-05 0.02359101 
0.97636182 1.5044703e-05 0.023623132 
0.97632972 1.5039378e-05 0.023655244 
0.97629762 1.5034053e-05 0.023687347 
0.97626553 1.5028727e-05 0.023719441 
0.97623345 1.50234e-05 0.023751525 
0.97620138 1.5018073e-05 0.023783599 
0.97616932 1.5012746e-05 0.023815665 
0.97613727 1.5007418e-05 0.02384772 
0.97610523 1.500209e-05 0.023879767 
0.9760732 1.4996762e-05 0.023911804 
0.97604118 1.4991433e-05 0.023943831 
0.97600916 1.4986103e-05 0.023975849 
0.97597716 1.4980773e-05 0.024007858 
0.97594517 1.4975443e-05 0.024039858 
0.97591318 1.4970113e-05 0.024071848 
0.97588121 1.4964781e-05 0.024103828 
0.97584924 1.495945e-05 0.024135799 
0.97581728 1.4954118e-05 0.024167761 
0.97578534 1.4948786e-05 0.024199714 
0.9757534 1.4943453e-05 0.024231657 
0.97572147 1.493812e-05 0.024263591 
0.97568955 1.4932786e-05 0.024295515 
0.97565764 1.4927452e-05 0.02432743 
0.97562574 1.4922118e-05 0.024359336 
0.97559385 1.4916783e-05 0.024391233 
0.97556197 1.4911447e-05 0.02442312 
0.9755301 1.4906112e-05 0.024454998 
0.97549823 1.4900776e-05 0.024486866 
0.97546638 1.4895439e-05 0.024518725 
0.97543453 1.4890102e-05 0.024550575 
0.9754027 1.4884765e-05 0.024582416 
0.97537087 1.4879427e-05 0.024614248 
0.97533906 1.4874089e-05 0.02464607 
0.97530725 1.4868751e-05 0.024677883 
0.97527545 1.4863412e-05 0.024709686 
0.97524366 1.4858072e-05 0.02474148 
0.97521188 1.4852732e-05 0.024773266 
0.97518011 1.4847392e-05 0.024805041 
0.97514835 1.4842052e-05 0.024836808 
0.9751166 1.4836711e-05 0.024868565 
0.97508486 1.4831369e-05 0.024900314 
0.97505312 1.4826027e-05 0.024932053 
0.9750214 1.4820685e-05 0.024963782 
0.97498968 1.4815343e-05 0.024995503 
0.97495798 1.481e-05 0.025027214 
0.97492628 1.4804656e-05 0.025058916 
0.97489459 1.4799312e-05 0.025090609 
0.97486291 1.4793968e-05 0.025122293 
0.97483124 1.4788624e-05 0.025153967 
0.97479958 1.4783279e-05 0.025185633 
0.97476793 1.4777933e-05 0.025217289 
0.97473629 1.4772588e-05 0.025248936 
0.97470466 1.4767241e-05 0.025280574 
0.97467304 1.4761895e-05 0.025312203 
0.97464142 1.4756548e-05 0.025343823 
0.97460982 1.47512e-05 0.025375433 
0.97457822 1.4745853e-05 0.025407034 
0.97454663 1.4740505e-05 0.025438627 
0.97451506 1.4735156e-05 0.02547021 
0.97448349 1.4729807e-05 0.025501784 
0.97445193 1.4724458e-05 0.025533349 
0.97442038 1.4719108e-05 0.025564905 
0.97438883 1.4713758e-05 0.025596451 
0.9743573 1.4708408e-05 0.025627989 
0.97432578 1.4703057e-05 0.025659518 
0.97429427 1.4697705e-05 0.025691037 
0.97426276 1.4692354e-05 0.025722547 
0.97423126 1.4687002e-05 0.025754049 
0.97419978 1.4681649e-05 0.025785541 
0.9741683 1.4676297e-05 0.025817024 
0.97413683 1.4670943e-05 0.025848499 
0.97410537 1.466559e-05 0.025879964 
0.97407392 1.4660236e-05 0.02591142 
0.97404248 1.4654882e-05 0.025942867 
0.97401105 1.4649527e-05 0.025974305 
0.97397962 1.4644172e-05 0.026005734 
0.97394821 1.4638816e-05 0.026037154 
0.9739168 1.4633461e-05 0.026068565 
0.9738854 1.4628104e-05 0.026099967 
0.97385402 1.4622748e-05 0.02613136 
0.97382264 1.4617391e-05 0.026162744 
0.97379127 1.4612033e-05 0.026194119 
0.97375991 1.4606676e-05 0.026225485 
0.97372856 1.4601318e-05 0.026256843 
0.97369721 1.4595959e-05 0.026288191 
0.97366588 1.45906e-05 0.02631953 
0.97363455 1.4585241e-05 0.02635086 
0.97360324 1.4579882e-05 0.026382182 
0.97357193 1.4574522e-05 0.026413494 
0.97354063 1.4569161e-05 0.026444797 
0.97350934 1.4563801e-05 0.026476092 
0.97347806 1.455844e-05 0.026507377 
0.97344679 1.4553078e-05 0.026538654 
0.97341553 1.4547717e-05 0.026569922 
0.97338428 1.4542354e-05 0.026601181 
0.97335303 1.4536992e-05 0.026632431 
0.9733218 1.4531629e-05 0.026663672 
0.97329057 1.4526266e-05 0.026694904 
0.97325935 1.4520902e-05 0.026726127 
0.97322814 1.4515538e-05 0.026757342 
0.97319694 1.4510174e-05 0.026788547 
0.97316575 1.4504809e-05 0.026819744 
0.97313457 1.4499444e-05 0.026850932 
0.9731034 1.4494079e-05 0.026882111 
0.97307223 1.4488713e-05 0.026913281 
0.97304107 1.4483347e-05 0.026944442 
0.97300993 1.447798e-05 0.026975594 
0.97297879 1.4472614e-05 0.027006738 
0.97294766 1.4467246e-05 0.027037873 
0.97291654 1.4461879e-05 0.027068999 
0.97288543 1.4456511e-05 0.027100116 
0.97285432 1.4451143e-05 0.027131224 
0.97282323 1.4445774e-05 0.027162324 
0.97279214 1.4440405e-05 0.027193415 
0.97276107 1.4435036e-05 0.027224497 
0.97273 1.4429666e-05 0.02725557 
0.97269894 1.4424296e-05 0.027286634 
0.97266789 1.4418926e-05 0.02731769 
0.97263685 1.4413555e-05 0.027348737 
0.97260582 1.4408184e-05 0.027379775 
0.97257479 1.4402812e-05 0.027410804 
0.97254378 1.4397441e-05 0.027441825 
0.97251277 1.4392069e-05 0.027472836 
0.97248177 1.4386696e-05 0.02750384 
0.97245078 1.4381323e-05 0.027534834 
0.9724198 1.437595e-05 0.02756582 
0.97238883 1.4370577e-05 0.027596796 
0.97235787 1.4365203e-05 0.027627765 
0.97232692 1.4359829e-05 0.027658724 
0.97229597 1.4354454e-05 0.027689675 
0.97226503 1.4349079e-05 0.027720617 
0.97223411 1.4343704e-05 0.02775155 
0.97220319 1.4338328e-05 0.027782475 
0.97217228 1.4332953e-05 0.027813391 
0.97214137 1.4327576e-05 0.027844298 
0.97211048 1.43222e-05 0.027875197 
0.9720796 1.4316823e-05 0.027906087 
0.97204872 1.4311446e-05 0.027936968 
0.97201785 1.4306068e-05 0.027967841 
0.97198699 1.430069e-05 0.027998705 
0.97195614 1.4295312e-05 0.028029561 
0.9719253 1.4289933e-05 0.028060407 
0.97189447 1.4284554e-05 0.028091245 
0.97186365 1.4279175e-05 0.028122075 
0.97183283 1.4273796e-05 0.028152896 
0.97180202 1.4268416e-05 0.028183708 
0.97177123 1.4263035e-05 0.028214512 
0.97174044 1.4257655e-05 0.028245307 
0.97170965 1.4252274e-05 0.028276093 
0.97167888 1.4246893e-05 0.028306871 
0.97164812 1.4241511e-05 0.02833764 
0.97161736 1.4236129e-05 0.028368401 
0.97158662 1.4230747e-05 0.028399153 
0.97155588 1.4225364e-05 0.028429897 
0.97152515 1.4219982e-05 0.028460632 
0.97149443 1.4214598e-05 0.028491358 
0.97146371 1.4209215e-05 0.028522076 
0.97143301 1.4203831e-05 0.028552785 
0.97140232 1.4198447e-05 0.028583486 
0.97137163 1.4193062e-05 0.028614178 
0.97134095 1.4187678e-05 0.028644862 
0.97131028 1.4182292e-05 0.028675537 
0.97127962 1.4176907e-05 0.028706204 
0.97124897 1.4171521e-05 0.028736862 
0.97121832 1.4166135e-05 0.028767511 
0.97118769 1.4160749e-05 0.028798153 
0.97115706 1.4155362e-05 0.028828785 
0.97112644 1.4149975e-05 0.028859409 
0.97109583 1.4144588e-05 0.028890025 
0.97106523 1.41392e-05 0.028920632 
0.97103464 1.4133812e-05 0.028951231 
0.97100405 1.4128424e-05 0.028981821 
0.97097347 1.4123035e-05 0.029012403 
0.97094291 1.4117646e-05 0.029042976 
0.97091235 1.4112257e-05 0.029073541 
0.9708818 1.4106867e-05 0.029104097 
0.97085125 1.4101477e-05 0.029134645 
0.97082072 1.4096087e-05 0.029165184 
0.97079019 1.4090697e-05 0.029195715 
0.97075968 1.4085306e-05 0.029226238 
0.97072917 1.4079915e-05 0.029256752 
0.97069867 1.4074523e-05 0.029287258 
0.97066818 1.4069132e-05 0.029317755 
0.97063769 1.4063739e-05 0.029348244 
0.97060722 1.4058347e-05 0.029378725 
0.97057675 1.4052954e-05 0.029409197 
0.97054629 1.4047562e-05 0.029439661 
0.97051584 1.4042168e-05 0.029470116 
0.9704854 1.4036775e-05 0.029500563 
0.97045497 1.4031381e-05 0.029531002 
0.97042454 1.4025987e-05 0.029561432 
0.97039413 1.4020592e-05 0.029591854 
0.97036372 1.4015197e-05 0.029622268 
0.97033332 1.4009802e-05 0.029652673 
0.97030293 1.4004407e-05 0.02968307 
0.97027254 1.3999011e-05 0.029713458 
0.97024217 1.3993615e-05 0.029743838 
0.9702118 1.3988219e-05 0.02977421 
0.97018144 1.3982822e-05 0.029804574 
0.97015109 1.3977426e-05 0.029834929 
0.97012075 1.3972028e-05 0.029865276 
0.97009042 1.3966631e-05 0.029895614 
0.97006009 1.3961233e-05 0.029925944 
0.97002978 1.3955835e-05 0.029956266 
0.96999947 1.3950437e-05 0.02998658 
0.96996917 1.3945038e-05 0.030016885 
0.96993888 1.3939639e-05 0.030047182 
0.96990859 1.393424e-05 0.030077471 
0.96987832 1.392884e-05 0.030107752 
0.96984805 1.3923441e-05 0.030138024 
0.96981779 1.3918041e-05 0.030168288 
0.96978754 1.391264e-05 0.030198544 
0.9697573 1.390724e-05 0.030228791 
0.96972707 1.3901839e-05 0.030259031 
0.96969684 1.3896437e-05 0.030289262 
0.96966662 1.3891036e-05 0.030319484 
0.96963642 1.3885634e-05 0.030349699 
0.96960621 1.3880232e-05 0.030379905 
0.96957602 1.3874829e-05 0.030410103 
0.96954584 1.3869427e-05 0.030440293 
0.96951566 1.3864024e-05 0.030470475 
0.96948549 1.3858621e-05 0.030500648 
0.96945533 1.3853217e-05 0.030530814 
0.96942518 1.3847813e-05 0.030560971 
0.96939504 1.3842409e-05 0.03059112 
0.9693649 1.3837005e-05 0.03062126 
0.96933478 1.38316e-05 0.030651393 
0.96930466 1.3826195e-05 0.030681517 
0.96927455 1.382079e-05 0.030711633 
0.96924444 1.3815385e-05 0.030741741 
0.96921435 1.3809979e-05 0.030771841 
0.96918426 1.3804573e-05 0.030801933 
0.96915418 1.3799166e-05 0.030832017 
0.96912411 1.379376e-05 0.030862092 
0.96909405 1.3788353e-05 0.030892159 
0.969064 1.3782946e-05 0.030922219 
0.96903395 1.3777538e-05 0.03095227 
0.96900392 1.3772131e-05 0.030982312 
0.96897389 1.3766723e-05 0.031012347 
0.96894386 1.3761314e-05 0.031042374 
0.96891385 1.3755906e-05 0.031072393 
0.96888385 1.3750497e-05 0.031102403 
0.96885385 1.3745088e-05 0.031132405 
0.96882386 1.3739679e-05 0.0311624 
0.96879388 1.3734269e-05 0.031192386 
0.96876391 1.3728859e-05 0.031222364 
0.96873394 1.3723449e-05 0.031252334 
0.96870399 1.3718039e-05 0.031282296 
0.96867404 1.3712628e-05 0.03131225 
0.9686441 1.3707217e-05 0.031342196 
0.96861416 1.3701806e-05 0.031372134 
0.96858424 1.3696395e-05 0.031402064 
0.96855432 1.3690983e-05 0.031431985 
0.96852442 1.3685571e-05 0.031461899 
0.96849452 1.3680159e-05 0.031491805 
0.96846462 1.3674746e-05 0.031521702 
0.96843474 1.3669333e-05 0.031551592 
0.96840486 1.366392e-05 0.031581474 
0.96837499 1.3658507e-05 0.031611347 
0.96834513 1.3653094e-05 0.031641213 
0.96831528 1.364768e-05 0.03167107 
0.96828544 1.3642266e-05 0.03170092 
0.9682556 1.3636851e-05 0.031730762 
0.96822577 1.3631437e-05 0.031760595 
0.96819595 1.3626022e-05 0.031790421 
0.96816614 1.3620607e-05 0.031820239 
0.96813634 1.3615191e-05 0.031850048 
0.96810654 1.3609776e-05 0.03187985 
0.96807675 1.360436e-05 0.031909644 
0.96804697 1.3598944e-05 0.03193943 
0.9680172 1.3593527e-05 0.031969207 
0.96798743 1.3588111e-05 0.031998977 
0.96795768 1.3582694e-05 0.032028739 
0.96792793 1.3577277e-05 0.032058493 
0.96789819 1.3571859e-05 0.032088239 
0.96786846 1.3566442e-05 0.032117978 
0.96783873 1.3561024e-05 0.032147708 
0.96780901 1.3555606e-05 0.03217743 
0.96777931 1.3550187e-05 0.032207145 
0.9677496 1.3544769e-05 0.032236851 
0.96771991 1.353935e-05 0.03226655 
0.96769023 1.3533931e-05 0.032296241 
0.96766055 1.3528511e-05 0.032325923 
0.96763088 1.3523092e-05 0.032355598 
0.96760122 1.3517672e-05 0.032385265 
0.96757156 1.3512252e-05 0.032414925 
0.96754192 1.3506832e-05 0.032444576 
0.96751228 1.3501411e-05 0.032474219 
0.96748265 1.349599e-05 0.032503855 
0.96745303 1.3490569e-05 0.032533483 
0.96742341 1.3485148e-05 0.032563103 
0.96739381 1.3479726e-05 0.032592715 
0.96736421 1.3474304e-05 0.032622319 
0.96733462 1.3468882e-05 0.032651915 
0.96730503 1.346346e-05 0.032681504 
0.96727546 1.3458038e-05 0.032711085 
0.96724589 1.3452615e-05 0.032740658 
0.96721633 1.3447192e-05 0.032770223 
0.96718678 1.3441769e-05 0.03279978 
0.96715723 1.3436345e-05 0.032829329 
0.9671277 1.3430921e-05 0.032858871 
0.96709817 1.3425498e-05 0.032888405 
0.96706865 1.3420073e-05 0.032917931 
0.96703914 1.3414649e-05 0.032947449 
0.96700963 1.3409224e-05 0.03297696 
0.96698013 1.3403799e-05 0.033006463 
0.96695064 1.3398374e-05 0.033035958 
0.96692116 1.3392949e-05 0.033065445 
0.96689169 1.3387523e-05 0.033094924 
0.96686222 1.3382098e-05 0.033124396 
0.96683276 1.3376672e-05 0.03315386 
0.96680331 1.3371245e-05 0.033183316 
0.96677387 1.3365819e-05 0.033212765 
0.96674443 1.3360392e-05 0.033242205 
0.96671501 1.3354965e-05 0.033271638 
0.96668559 1.3349538e-05 0.033301064 
0.96665617 1.3344111e-05 0.033330481 
0.96662677 1.3338683e-05 0.033359891 
0.96659737 1.3333255e-05 0.033389293 
0.96656798 1.3327827e-05 0.033418688 
0.9665386 1.3322399e-05 0.033448074 
0.96650923 1.331697e-05 0.033477454 
0.96647986 1.3311542e-05 0.033506825 
0.96645051 1.3306113e-05 0.033536189 
0.96642115 1.3300683e-05 0.033565544 
0.96639181 1.3295254e-05 0.033594893 
0.96636248 1.3289824e-05 0.033624233 
0.96633315 1.3284395e-05 0.033653566 
0.96630383 1.3278964e-05 0.033682892 
0.96627452 1.3273534e-05 0.033712209 
0.96624521 1.3268104e-05 0.033741519 
0.96621592 1.3262673e-05 0.033770822 
0.96618663 1.3257242e-05 0.033800116 
0.96615734 1.3251811e-05 0.033829403 
0.96612807 1.324638e-05 0.033858683 
0.9660988 1.3240948e-05 0.033887955 
0.96606955 1.3235516e-05 0.033917219 
0.96604029 1.3230084e-05 0.033946475 
0.96601105 1.3224652e-05 0.033975724 
0.96598182 1.3219219e-05 0.034004966 
0.96595259 1.3213787e-05 0.034034199 
0.96592337 1.3208354e-05 0.034063425 
0.96589415 1.3202921e-05 0.034092644 
0.96586495 1.3197488e-05 0.034121855 
0.96583575 1.3192054e-05 0.034151058 
0.96580656 1.318662e-05 0.034180254 
0.96577738 1.3181186e-05 0.034209442 
0.9657482 1.3175752e-05 0.034238623 
0.96571903 1.3170318e-05 0.034267796 
0.96568987 1.3164883e-05 0.034296962 
0.96566072 1.3159449e-05 0.034326119 
0.96563158 1.3154014e-05 0.03435527 
0.96560244 1.3148578e-05 0.034384413 
0.96557331 1.3143143e-05 0.034413548 
0.96554419 1.3137707e-05 0.034442676 
0.96551507 1.3132272e-05 0.034471796 
0.96548596 1.3126836e-05 0.034500909 
0.96545686 1.31214e-05 0.034530014 
0.96542777 1.3115963e-05 0.034559112 
0.96539869 1.3110527e-05 0.034588202 
0.96536961 1.310509e-05 0.034617285 
0.96534054 1.3099653e-05 0.03464636 
0.96531148 1.3094216e-05 0.034675427 
0.96528242 1.3088778e-05 0.034704487 
0.96525338 1.3083341e-05 0.03473354 
0.96522434 1.3077903e-05 0.034762585 
0.9651953 1.3072465e-05 0.034791623 
0.96516628 1.3067027e-05 0.034820653 
0.96513726 1.3061588e-05 0.034849676 
0.96510825 1.305615e-05 0.034878691 
0.96507925 1.3050711e-05 0.034907699 
0.96505026 1.3045272e-05 0.0349367 
0.96502127 1.3039833e-05 0.034965693 
0.96499229 1.3034393e-05 0.034994678 
0.96496331 1.3028954e-05 0.035023656 
0.96493435 1.3023514e-05 0.035052627 
0.96490539 1.3018074e-05 0.03508159 
0.96487644 1.3012634e-05 0.035110546 
0.9648475 1.3007193e-05 0.035139494 
0.96481856 1.3001753e-05 0.035168435 
0.96478964 1.2996312e-05 0.035197368 
0.96476071 1.2990871e-05 0.035226294 
0.9647318 1.298543e-05 0.035255213 
0.9647029 1.2979989e-05 0.035284124 
0.964674 1.2974547e-05 0.035313028 
0.96464511 1.2969106e-05 0.035341925 
0.96461622 1.2963664e-05 0.035370814 
0.96458735 1.2958222e-05 0.035399696 
0.96455848 1.295278e-05 0.03542857 
0.96452962 1.2947337e-05 0.035457437 
0.96450076 1.2941895e-05 0.035486297 
0.96447191 1.2936452e-05 0.035515149 
0.96444308 1.2931009e-05 0.035543994 
0.96441424 1.2925566e-05 0.035572831 
0.96438542 1.2920122e-05 0.035601661 
