1 0 0 
0.99996 4e-05 0 
0.99992 3.19984e-05 4.8e-05 
0.99988002 4.1262913e-05 7.8716928e-05 
0.99984006 3.0146794e-05 0.00012979577 
0.9998001 4.2836392e-05 0.00015706064 
0.99976018 2.7712423e-05 0.00021210934 
0.99972025 4.4604698e-05 0.00023514869 
0.99968036 2.4801248e-05 0.00029483606 
0.99964045 4.6262282e-05 0.00031328912 
0.99960061 2.1897003e-05 0.00037749508 
0.99956071 4.7414005e-05 0.00039187944 
0.99952091 1.9767991e-05 0.00045932208 
0.99948102 4.7934825e-05 0.00047104528 
0.99944127 1.8755848e-05 0.0005399777 
0.99940139 4.8078766e-05 0.00055053116 
0.99936168 1.84431e-05 0.00061987819 
0.99932182 4.8098804e-05 0.00063008263 
0.99928215 1.8363766e-05 0.00069948748 
0.99924231 4.8089763e-05 0.00070960432 
0.99920268 1.833945e-05 0.00077898308 
0.99916285 4.8074633e-05 0.00078907314 
0.99912327 1.8326693e-05 0.00085840825 
0.99908346 4.8058276e-05 0.00086848428 
0.99904391 1.83163e-05 0.00093777221 
0.99900412 4.8041686e-05 0.00094783682 
0.99896462 1.8306386e-05 0.0010170769 
0.99892484 4.8025068e-05 0.0010271306 
0.99888538 1.8296568e-05 0.0010963229 
0.99884563 4.8008462e-05 0.0011063658 
0.9988062 1.8286766e-05 0.0011755102 
0.99876647 4.7991877e-05 0.0011855423 
0.99872708 1.8276964e-05 0.0012546389 
0.99868736 4.7975315e-05 0.0012646604 
0.99864802 1.8267159e-05 0.0013337093 
0.99860832 4.7958776e-05 0.00134372 
0.99856902 1.8257351e-05 0.0014127213 
0.99852934 4.794226e-05 0.0014227212 
0.99849008 1.8247539e-05 0.001491675 
0.99845041 4.7925768e-05 0.0015016642 
0.99841119 1.8237724e-05 0.0015705706 
0.99837154 4.7909298e-05 0.001580549 
0.99833236 1.8227905e-05 0.001649408 
0.99829273 4.7892851e-05 0.0016593757 
0.99825359 1.8218082e-05 0.0017281875 
0.99821398 4.7876428e-05 0.0017381444 
0.99817488 1.8208255e-05 0.001806909 
0.99813528 4.7860027e-05 0.0018168552 
0.99809623 1.8198425e-05 0.0018855727 
0.99805665 4.7843649e-05 0.0018955082 
0.99801763 1.8188591e-05 0.0019641786 
0.99797807 4.7827295e-05 0.0019741034 
0.99793909 1.8178754e-05 0.0020427269 
0.99789955 4.7810963e-05 0.0020526409 
0.99786061 1.8168913e-05 0.0021212175 
0.99782108 4.7794653e-05 0.0021311208 
0.99778219 1.8159068e-05 0.0021996507 
0.99774268 4.7778367e-05 0.0022095432 
0.99770382 1.814922e-05 0.0022780264 
0.99766433 4.7762103e-05 0.0022879082 
0.99762552 1.8139368e-05 0.0023563448 
0.99758604 4.7745862e-05 0.0023662159 
0.99754726 1.8129512e-05 0.0024346059 
0.9975078 4.7729644e-05 0.0024444663 
0.99746907 1.8119653e-05 0.0025128099 
0.99742963 4.7713449e-05 0.0025226595 
0.99739093 1.810979e-05 0.0025909567 
0.99735151 4.7697276e-05 0.0026007956 
0.99731285 1.8099924e-05 0.0026690465 
0.99727344 4.7681125e-05 0.0026788748 
0.99723483 1.8090054e-05 0.0027470794 
0.99719544 4.7664997e-05 0.0027568969 
0.99715686 1.8080181e-05 0.0028250555 
0.99711749 4.7648892e-05 0.0028348623 
0.99707895 1.8070304e-05 0.0029029748 
0.9970396 4.7632809e-05 0.0029127709 
0.9970011 1.8060423e-05 0.0029808374 
0.99696176 4.7616749e-05 0.0029906228 
0.99692331 1.8050539e-05 0.0030586434 
0.99688398 4.7600711e-05 0.0030684181 
0.99684557 1.8040651e-05 0.0031363929 
0.99680626 4.7584695e-05 0.0031461569 
0.99676788 1.803076e-05 0.003214086 
0.99672859 4.7568702e-05 0.0032238392 
0.99669026 1.8020865e-05 0.0032917227 
0.99665098 4.7552731e-05 0.0033014652 
0.99661269 1.8010966e-05 0.0033693031 
0.99657343 4.7536782e-05 0.0033790349 
0.99653517 1.8001064e-05 0.0034468273 
0.99649593 4.7520856e-05 0.0034565484 
0.99645771 1.7991159e-05 0.0035242954 
0.99641849 4.7504952e-05 0.0035340058 
0.99638031 1.798125e-05 0.0036017075 
0.9963411 4.748907e-05 0.0036114072 
0.99630297 1.7971338e-05 0.0036790636 
0.99626377 4.747321e-05 0.0036887526 
0.99622567 1.7961422e-05 0.0037563638 
0.9961865 4.7457372e-05 0.0037660422 
0.99614844 1.7951502e-05 0.0038336083 
0.99610928 4.7441557e-05 0.0038432759 
0.99607126 1.7941579e-05 0.003910797 
0.99603212 4.7425763e-05 0.003920454 
0.99599414 1.7931653e-05 0.0039879301 
0.99595501 4.7409991e-05 0.0039975764 
0.99591707 1.7921723e-05 0.0040650076 
0.99587796 4.7394242e-05 0.0040746433 
0.99584006 1.7911789e-05 0.0041420297 
0.99580097 4.7378514e-05 0.0041516547 
0.9957631 1.7901852e-05 0.0042189964 
0.99572403 4.7362808e-05 0.0042286107 
0.9956862 1.7891912e-05 0.0042959077 
0.99564714 4.7347125e-05 0.0043055113 
0.99560935 1.7881968e-05 0.0043727639 
0.99557031 4.7331463e-05 0.0043823568 
0.99553256 1.7872021e-05 0.0044495648 
0.99549354 4.7315822e-05 0.0044591471 
0.99545583 1.786207e-05 0.0045263107 
0.99541682 4.7300204e-05 0.0045358823 
0.99537915 1.7852116e-05 0.0046030016 
0.99534015 4.7284607e-05 0.0046125625 
0.99530252 1.7842159e-05 0.0046796376 
0.99526354 4.7269032e-05 0.0046891878 
0.99522595 1.7832198e-05 0.0047562187 
0.99518699 4.7253479e-05 0.0047657583 
0.99514943 1.7822233e-05 0.004832745 
0.99511049 4.7237948e-05 0.004842274 
0.99507297 1.7812266e-05 0.0049092167 
0.99503404 4.7222438e-05 0.004918735 
0.99499656 1.7802294e-05 0.0049856338 
0.99495765 4.7206949e-05 0.0049951414 
0.99492021 1.779232e-05 0.0050619963 
0.99488132 4.7191482e-05 0.0050714933 
0.99484391 1.7782342e-05 0.0051383044 
0.99480503 4.7176037e-05 0.0051477907 
0.99476767 1.7772361e-05 0.0052145581 
0.99472881 4.7160613e-05 0.0052240338 
0.99469148 1.7762376e-05 0.0052907575 
0.99465263 4.7145211e-05 0.0053002225 
0.99461534 1.7752388e-05 0.0053669027 
0.99457651 4.712983e-05 0.0053763571 
0.99453926 1.7742396e-05 0.0054429937 
0.99450045 4.7114471e-05 0.0054524375 
0.99446324 1.7732401e-05 0.0055190307 
0.99442444 4.7099132e-05 0.0055284638 
0.99438726 1.7722403e-05 0.0055950137 
0.99434848 4.7083816e-05 0.0056044362 
0.99431134 1.7712402e-05 0.0056709428 
0.99427258 4.706852e-05 0.0056803546 
0.99423548 1.7702397e-05 0.005746818 
0.99419673 4.7053246e-05 0.0057562193 
0.99415967 1.7692389e-05 0.0058226395 
0.99412093 4.7037993e-05 0.0058320301 
0.99408391 1.7682377e-05 0.0058984073 
0.99404519 4.7022761e-05 0.0059077873 
0.99400821 1.7672362e-05 0.0059741215 
0.9939695 4.700755e-05 0.0059834909 
0.99393256 1.7662344e-05 0.0060497822 
0.99389387 4.6992361e-05 0.0060591409 
0.99385696 1.7652322e-05 0.0061253894 
0.99381829 4.6977193e-05 0.0061347375 
0.99378141 1.7642298e-05 0.0062009432 
0.99374276 4.6962045e-05 0.0062102807 
0.99370592 1.763227e-05 0.0062764437 
0.99366728 4.6946919e-05 0.0062857706 
0.99363049 1.7622238e-05 0.006351891 
0.99359186 4.6931814e-05 0.0063612073 
0.9935551 1.7612204e-05 0.0064272852 
0.99351649 4.691673e-05 0.0064365909 
0.99347977 1.7602166e-05 0.0065026263 
0.99344118 4.6901666e-05 0.0065119214 
0.99340449 1.7592125e-05 0.0065779143 
0.99336591 4.6886624e-05 0.0065871988 
0.99332927 1.758208e-05 0.0066531495 
0.99329071 4.6871603e-05 0.0066624234 
0.9932541 1.7572032e-05 0.0067283318 
0.99321555 4.6856602e-05 0.0067375951 
0.99317898 1.7561981e-05 0.0068034613 
0.99314044 4.6841622e-05 0.006812714 
0.99310391 1.7551927e-05 0.0068785381 
0.99306539 4.6826663e-05 0.0068877802 
0.9930289 1.754187e-05 0.0069535623 
0.99299039 4.6811725e-05 0.0069627939 
0.99295393 1.7531809e-05 0.007028534 
0.99291545 4.6796807e-05 0.0070377549 
0.99287903 1.7521745e-05 0.0071034531 
0.99284055 4.6781911e-05 0.0071126635 
0.99280417 1.7511678e-05 0.0071783199 
0.99276571 4.6767034e-05 0.0071875197 
0.99272936 1.7501608e-05 0.0072531343 
0.99269092 4.6752179e-05 0.0072623235 
0.99265461 1.7491534e-05 0.0073278965 
0.99261619 4.6737344e-05 0.0073370751 
0.99257991 1.7481458e-05 0.0074026065 
0.9925415 4.672253e-05 0.0074117745 
0.99250526 1.7471378e-05 0.0074772644 
0.99246687 4.6707736e-05 0.0074864219 
0.99243067 1.7461295e-05 0.0075518702 
0.99239229 4.6692963e-05 0.0075610171 
0.99235612 1.7451208e-05 0.0076264241 
0.99231776 4.667821e-05 0.0076355605 
0.99228163 1.7441119e-05 0.0077009261 
0.99224328 4.6663478e-05 0.0077100519 
0.99220719 1.7431026e-05 0.0077753763 
0.99216886 4.6648766e-05 0.0077844915 
0.9921328 1.742093e-05 0.0078497747 
0.99209449 4.6634074e-05 0.0078588794 
0.99205847 1.7410832e-05 0.0079241215 
0.99202016 4.6619403e-05 0.0079332156 
0.99198418 1.7400729e-05 0.0079984167 
0.99194589 4.6604752e-05 0.0080075003 
0.99190995 1.7390624e-05 0.0080726603 
0.99187168 4.6590122e-05 0.0080817334 
0.99183577 1.7380516e-05 0.0081468525 
0.99179751 4.6575512e-05 0.008155915 
0.99176164 1.7370404e-05 0.0082209934 
0.99172339 4.6560922e-05 0.0082300453 
0.99168756 1.736029e-05 0.0082950829 
0.99164933 4.6546352e-05 0.0083041243 
0.99161353 1.7350172e-05 0.0083691211 
0.99157532 4.6531802e-05 0.008378152 
0.99153955 1.7340051e-05 0.0084431083 
0.99150135 4.6517273e-05 0.0084521286 
0.99146563 1.7329927e-05 0.0085170443 
0.99142744 4.6502763e-05 0.0085260541 
0.99139175 1.73198e-05 0.0085909293 
0.99135358 4.6488274e-05 0.0085999285 
0.99131793 1.730967e-05 0.0086647633 
0.99127977 4.6473805e-05 0.0086737521 
0.99124415 1.7299537e-05 0.0087385465 
0.99120602 4.6459356e-05 0.0087475247 
0.99117043 1.7289401e-05 0.0088122789 
0.99113231 4.6444926e-05 0.0088212466 
0.99109676 1.7279262e-05 0.0088859605 
0.99105865 4.6430517e-05 0.0088949177 
0.99102314 1.7269119e-05 0.0089595915 
0.99098505 4.6416128e-05 0.0089685382 
0.99094957 1.7258974e-05 0.0090331719 
0.99091149 4.6401759e-05 0.009042108 
0.99087605 1.7248825e-05 0.0091067017 
0.99083799 4.6387409e-05 0.0091156274 
0.99080258 1.7238674e-05 0.0091801811 
0.99076453 4.6373079e-05 0.0091890963 
0.99072916 1.7228519e-05 0.0092536102 
0.99069113 4.6358769e-05 0.0092625148 
0.99065579 1.7218361e-05 0.0093269889 
0.99061777 4.6344479e-05 0.0093358831 
0.99058247 1.7208201e-05 0.0094003174 
0.99054447 4.6330209e-05 0.009409201 
0.99050921 1.7198037e-05 0.0094735957 
0.99047122 4.6315958e-05 0.0094824689 
0.99043599 1.7187871e-05 0.0095468239 
0.99039801 4.6301728e-05 0.0095556866 
0.99036282 1.7177701e-05 0.0096200021 
0.99032486 4.6287516e-05 0.0096288543 
0.9902897 1.7167528e-05 0.0096931303 
0.99025175 4.6273325e-05 0.009701972 
0.99021663 1.7157353e-05 0.0097662087 
0.9901787 4.6259153e-05 0.0097750399 
0.99014362 1.7147174e-05 0.0098392372 
0.9901057 4.6245e-05 0.0098480579 
0.99007065 1.7136992e-05 0.0099122159 
0.99003274 4.6230867e-05 0.0099210262 
0.98999773 1.7126808e-05 0.009985145 
0.98995984 4.6216754e-05 0.0099939449 
0.98992486 1.711662e-05 0.010058025 
0.98988698 4.620266e-05 0.010066814 
0.98985204 1.710643e-05 0.010130854 
0.98981418 4.6188586e-05 0.010139633 
0.98977927 1.7096236e-05 0.010203635 
0.98974142 4.6174531e-05 0.010212403 
0.98970655 1.708604e-05 0.010276366 
0.98966872 4.6160495e-05 0.010285124 
0.98963388 1.707584e-05 0.010349048 
0.98959606 4.6146479e-05 0.010357795 
0.98956125 1.7065638e-05 0.01042168 
0.98952345 4.6132482e-05 0.010430417 
0.98948868 1.7055433e-05 0.010494263 
0.98945089 4.6118504e-05 0.01050299 
0.98941616 1.7045225e-05 0.010566798 
0.98937838 4.6104546e-05 0.010575514 
0.98934368 1.7035014e-05 0.010639283 
0.98930592 4.6090607e-05 0.010647988 
0.98927126 1.70248e-05 0.010711719 
0.98923351 4.6076687e-05 0.010720414 
0.98919888 1.7014583e-05 0.010784106 
0.98916115 4.6062787e-05 0.010792791 
0.98912655 1.7004363e-05 0.010856444 
0.98908883 4.6048905e-05 0.010865119 
0.98905427 1.6994141e-05 0.010928734 
0.98901657 4.6035043e-05 0.010937398 
0.98898204 1.6983915e-05 0.011000974 
0.98894435 4.6021199e-05 0.011009628 
0.98890986 1.6973687e-05 0.011073167 
0.98887218 4.6007375e-05 0.01108181 
0.98883773 1.6963455e-05 0.01114531 
0.98880006 4.599357e-05 0.011153943 
0.98876564 1.6953221e-05 0.011217405 
0.98872799 4.5979784e-05 0.011226027 
0.98869361 1.6942984e-05 0.011289452 
0.98865597 4.5966017e-05 0.011298064 
0.98862162 1.6932744e-05 0.01136145 
0.988584 4.5952269e-05 0.011370051 
0.98854968 1.6922502e-05 0.0114334 
0.98851207 4.593854e-05 0.011441991 
0.98847779 1.6912256e-05 0.011505301 
0.98844019 4.5924829e-05 0.011513882 
0.98840594 1.6902008e-05 0.011577155 
0.98836836 4.5911138e-05 0.011585725 
0.98833415 1.6891757e-05 0.01164896 
0.98829658 4.5897465e-05 0.01165752 
0.9882624 1.6881503e-05 0.011720717 
0.98822485 4.5883812e-05 0.011729267 
0.9881907 1.6871246e-05 0.011792427 
0.98815316 4.5870177e-05 0.011800966 
0.98811905 1.6860986e-05 0.011864088 
0.98808153 4.585656e-05 0.011872617 
0.98804745 1.6850724e-05 0.011935701 
0.98800994 4.5842963e-05 0.01194422 
0.98797589 1.6840459e-05 0.012007267 
0.9879384 4.5829384e-05 0.012015775 
0.98790438 1.6830191e-05 0.012078785 
0.9878669 4.5815824e-05 0.012087283 
0.98783292 1.681992e-05 0.012150256 
0.98779545 4.5802282e-05 0.012158743 
0.98776151 1.6809647e-05 0.012221678 
0.98772406 4.578876e-05 0.012230155 
0.98769015 1.679937e-05 0.012293054 
0.9876527 4.5775255e-05 0.01230152 
0.98761883 1.6789091e-05 0.012364381 
0.9875814 4.576177e-05 0.012372838 
0.98754756 1.6778809e-05 0.012435662 
0.98751014 4.5748302e-05 0.012444108 
0.98747634 1.6768525e-05 0.012506895 
0.98743893 4.5734854e-05 0.01251533 
0.98740516 1.6758238e-05 0.012578081 
0.98736777 4.5721424e-05 0.012586506 
0.98733403 1.6747948e-05 0.012649219 
0.98729666 4.5708012e-05 0.012657634 
0.98726295 1.6737655e-05 0.012720311 
0.98722559 4.5694619e-05 0.012728715 
0.98719192 1.6727359e-05 0.012791355 
0.98715457 4.5681244e-05 0.012799749 
0.98712093 1.6717061e-05 0.012862353 
0.9870836 4.5667887e-05 0.012870736 
0.98704999 1.670676e-05 0.012933303 
0.98701267 4.5654549e-05 0.012941676 
0.9869791 1.6696457e-05 0.013004207 
0.98694179 4.5641229e-05 0.01301257 
0.98690825 1.6686151e-05 0.013075063 
0.98687096 4.5627927e-05 0.013083416 
0.98683745 1.6675842e-05 0.013145873 
0.98680017 4.5614644e-05 0.013154216 
0.9867667 1.666553e-05 0.013216637 
0.98672943 4.5601379e-05 0.013224969 
0.98669599 1.6655216e-05 0.013287354 
0.98665874 4.5588132e-05 0.013295676 
0.98662533 1.6644899e-05 0.013358024 
0.98658809 4.5574903e-05 0.013366335 
0.98655472 1.6634579e-05 0.013428648 
0.98651749 4.5561692e-05 0.013436949 
0.98648415 1.6624257e-05 0.013499225 
0.98644694 4.55485e-05 0.013507516 
0.98641363 1.6613932e-05 0.013569756 
0.98637643 4.5535325e-05 0.013578037 
0.98634316 1.6603604e-05 0.013640241 
0.98630597 4.5522169e-05 0.013648511 
0.98627273 1.6593274e-05 0.013710679 
0.98623555 4.550903e-05 0.013718939 
0.98620235 1.6582941e-05 0.013781071 
0.98616518 4.549591e-05 0.013789321 
0.98613201 1.6572606e-05 0.013851417 
0.98609486 4.5482808e-05 0.013859657 
0.98606172 1.6562267e-05 0.013921717 
0.98602458 4.5469723e-05 0.013929947 
0.98599148 1.6551927e-05 0.013991972 
0.98595435 4.5456657e-05 0.014000191 
0.98592128 1.6541583e-05 0.01406218 
0.98588417 4.5443608e-05 0.014070389 
0.98585113 1.6531237e-05 0.014132342 
0.98581403 4.5430577e-05 0.014140541 
0.98578102 1.6520889e-05 0.014202459 
0.98574394 4.5417564e-05 0.014210647 
0.98571096 1.6510538e-05 0.01427253 
0.98567389 4.5404569e-05 0.014280708 
0.98564095 1.6500184e-05 0.014342555 
0.98560389 4.5391592e-05 0.014350722 
0.98557098 1.6489828e-05 0.014412534 
0.98553393 4.5378632e-05 0.014420692 
0.98550105 1.6479469e-05 0.014482468 
0.98546402 4.536569e-05 0.014490616 
0.98543117 1.6469108e-05 0.014552357 
0.98539415 4.5352766e-05 0.014560494 
0.98536134 1.6458744e-05 0.0146222 
0.98532433 4.533986e-05 0.014630327 
0.98529155 1.6448377e-05 0.014691998 
0.98525456 4.5326971e-05 0.014700114 
0.98522181 1.6438008e-05 0.01476175 
0.98518483 4.53141e-05 0.014769857 
0.98515211 1.6427637e-05 0.014831458 
0.98511515 4.5301246e-05 0.014839554 
0.98508246 1.6417263e-05 0.01490112 
0.98504551 4.528841e-05 0.014909206 
0.98501286 1.6406886e-05 0.014970737 
0.98497591 4.5275591e-05 0.014978812 
0.98494329 1.6396507e-05 0.015040309 
0.98490636 4.526279e-05 0.015048374 
0.98487378 1.6386125e-05 0.015109836 
0.98483686 4.5250007e-05 0.015117891 
0.98480431 1.6375741e-05 0.015179318 
0.9847674 4.5237241e-05 0.015187363 
0.98473488 1.6365355e-05 0.015248755 
0.98469799 4.5224492e-05 0.01525679 
0.9846655 1.6354965e-05 0.015318147 
0.98462862 4.5211761e-05 0.015326172 
0.98459616 1.6344574e-05 0.015387495 
0.98455929 4.5199047e-05 0.015395509 
0.98452687 1.633418e-05 0.015456798 
0.98449001 4.518635e-05 0.015464802 
0.98445762 1.6323783e-05 0.015526056 
0.98442078 4.5173671e-05 0.01553405 
0.98438842 1.6313384e-05 0.01559527 
0.98435159 4.5161009e-05 0.015603254 
0.98431926 1.6302983e-05 0.015664439 
0.98428244 4.5148365e-05 0.015672413 
0.98425014 1.6292579e-05 0.015733564 
0.98421334 4.5135737e-05 0.015741528 
0.98418107 1.6282172e-05 0.015802645 
0.98414428 4.5123127e-05 0.015810598 
0.98411205 1.6271764e-05 0.015871681 
0.98407527 4.5110534e-05 0.015879624 
0.98404307 1.6261352e-05 0.015940673 
0.9840063 4.5097959e-05 0.015948606 
0.98397413 1.6250939e-05 0.016009621 
0.98393737 4.50854e-05 0.016017543 
0.98390524 1.6240523e-05 0.016078524 
0.98386849 4.5072858e-05 0.016086437 
0.98383639 1.6230104e-05 0.016147384 
0.98379965 4.5060334e-05 0.016155286 
0.98376758 1.6219683e-05 0.016216199 
0.98373086 4.5047827e-05 0.016224091 
0.98369882 1.620926e-05 0.016284971 
0.98366211 4.5035336e-05 0.016292853 
0.9836301 1.6198834e-05 0.016353698 
0.98359341 4.5022863e-05 0.01636157 
0.98356143 1.6188406e-05 0.016422382 
0.98352475 4.5010407e-05 0.016430244 
0.9834928 1.6177976e-05 0.016491022 
0.98345613 4.4997967e-05 0.016498874 
0.98342421 1.6167543e-05 0.016559618 
0.98338755 4.4985545e-05 0.01656746 
0.98335567 1.6157108e-05 0.016628171 
0.98331902 4.4973139e-05 0.016636003 
0.98328717 1.614667e-05 0.01669668 
0.98325054 4.496075e-05 0.016704502 
0.98321872 1.613623e-05 0.016765146 
0.98318209 4.4948379e-05 0.016772957 
0.98315031 1.6125788e-05 0.016833568 
0.98311369 4.4936024e-05 0.016841369 
0.98308194 1.6115343e-05 0.016901946 
0.98304534 4.4923685e-05 0.016909738 
0.98301361 1.6104896e-05 0.016970282 
0.98297703 4.4911364e-05 0.016978063 
0.98294533 1.6094447e-05 0.017038574 
0.98290876 4.4899059e-05 0.017046345 
0.98287709 1.6083995e-05 0.017106822 
0.98284053 4.4886771e-05 0.017114583 
0.9828089 1.6073541e-05 0.017175028 
0.98277235 4.48745e-05 0.017182779 
0.98274075 1.6063085e-05 0.01724319 
0.98270421 4.4862246e-05 0.017250931 
0.98267264 1.6052627e-05 0.01731131 
0.98263611 4.4850008e-05 0.01731904 
0.98260457 1.6042166e-05 0.017379386 
0.98256806 4.4837786e-05 0.017387106 
0.98253655 1.6031703e-05 0.017447419 
0.98250004 4.4825582e-05 0.01745513 
0.98246857 1.6021237e-05 0.01751541 
0.98243208 4.4813393e-05 0.01752311 
0.98240063 1.6010769e-05 0.017583357 
0.98236415 4.4801222e-05 0.017591048 
0.98233274 1.6000299e-05 0.017651262 
0.98229627 4.4789067e-05 0.017658942 
0.98226489 1.5989827e-05 0.017719124 
0.98222843 4.4776928e-05 0.017726794 
0.98219708 1.5979353e-05 0.017786944 
0.98216063 4.4764806e-05 0.017794604 
0.98212931 1.5968876e-05 0.01785472 
0.98209288 4.47527e-05 0.017862371 
0.98206159 1.5958397e-05 0.017922455 
0.98202516 4.4740611e-05 0.017930095 
0.98199391 1.5947915e-05 0.017990146 
0.98195749 4.4728538e-05 0.017997777 
0.98192627 1.5937432e-05 0.018057796 
0.98188987 4.4716482e-05 0.018065416 
0.98185867 1.5926946e-05 0.018125403 
0.98182228 4.4704441e-05 0.018133013 
0.98179112 1.5916458e-05 0.018192967 
0.98175474 4.4692418e-05 0.018200567 
0.9817236 1.5905968e-05 0.01826049 
0.98168724 4.468041e-05 0.01826808 
0.98165613 1.5895476e-05 0.01832797 
0.98161978 4.4668419e-05 0.01833555 
0.98158871 1.5884981e-05 0.018395408 
0.98155237 4.4656444e-05 0.018402978 
0.98152132 1.5874484e-05 0.018462804 
0.98148499 4.4644485e-05 0.018470364 
0.98145398 1.5863985e-05 0.018530158 
0.98141766 4.4632542e-05 0.018537708 
0.98138668 1.5853484e-05 0.01859747 
0.98135037 4.4620616e-05 0.01860501 
0.98131942 1.5842981e-05 0.01866474 
0.98128312 4.4608705e-05 0.01867227 
0.9812522 1.5832475e-05 0.018731968 
0.98121592 4.4596811e-05 0.018739488 
0.98118502 1.5821967e-05 0.018799154 
0.98114875 4.4584933e-05 0.018806664 
0.98111789 1.5811457e-05 0.018866299 
0.98108163 4.4573071e-05 0.018873799 
0.9810508 1.5800945e-05 0.018933401 
0.98101455 4.4561225e-05 0.018940891 
0.98098375 1.5790431e-05 0.019000463 
0.98094751 4.4549395e-05 0.019007943 
0.98091674 1.5779915e-05 0.019067482 
0.98088051 4.4537581e-05 0.019074952 
0.98084977 1.5769396e-05 0.01913446 
0.98081355 4.4525782e-05 0.01914192 
0.98078284 1.5758876e-05 0.019201397 
0.98074664 4.4514e-05 0.019208847 
0.98071596 1.5748353e-05 0.019268292 
0.98067977 4.4502234e-05 0.019275732 
0.98064912 1.5737828e-05 0.019335146 
0.98061293 4.4490484e-05 0.019342576 
0.98058231 1.5727301e-05 0.019401958 
0.98054614 4.4478749e-05 0.019409379 
0.98051555 1.5716772e-05 0.019468729 
0.98047939 4.4467031e-05 0.01947614 
0.98044883 1.5706241e-05 0.019535459 
0.98041268 4.4455328e-05 0.01954286 
0.98038216 1.5695707e-05 0.019602148 
0.98034602 4.4443641e-05 0.019609539 
0.98031552 1.5685172e-05 0.019668796 
0.98027939 4.443197e-05 0.019676177 
0.98024892 1.5674635e-05 0.019735403 
0.98021281 4.4420314e-05 0.019742774 
0.98018237 1.5664095e-05 0.019801969 
0.98014626 4.4408674e-05 0.019809329 
0.98011585 1.5653553e-05 0.019868493 
0.98007976 4.439705e-05 0.019875844 
0.98004938 1.564301e-05 0.019934977 
0.9800133 4.4385442e-05 0.019942318 
0.97998295 1.5632464e-05 0.02000142 
0.97994687 4.4373849e-05 0.020008752 
0.97991656 1.5621916e-05 0.020067823 
0.97988049 4.4362272e-05 0.020075144 
0.9798502 1.5611366e-05 0.020134184 
0.97981415 4.435071e-05 0.020141496 
0.97978389 1.5600815e-05 0.020200505 
0.97974785 4.4339164e-05 0.020207807 
0.97971762 1.5590261e-05 0.020266786 
0.97968159 4.4327634e-05 0.020274078 
0.97965139 1.5579705e-05 0.020333026 
0.97961538 4.4316119e-05 0.020340308 
0.97958521 1.5569147e-05 0.020399225 
0.9795492 4.430462e-05 0.020406497 
0.97951906 1.5558587e-05 0.020465384 
0.97948306 4.4293136e-05 0.020472646 
0.97945295 1.5548025e-05 0.020531503 
0.97941696 4.4281667e-05 0.020538755 
0.97938688 1.5537461e-05 0.020597581 
0.97935091 4.4270214e-05 0.020604823 
0.97932085 1.5526895e-05 0.020663619 
0.97928489 4.4258777e-05 0.020670851 
0.97925487 1.5516327e-05 0.020729616 
0.97921891 4.4247355e-05 0.020736839 
0.97918892 1.5505757e-05 0.020795574 
0.97915298 4.4235948e-05 0.020802787 
0.97912301 1.5495185e-05 0.020861491 
0.97908708 4.4224556e-05 0.020868694 
0.97905715 1.5484611e-05 0.020927369 
0.97902122 4.421318e-05 0.020934562 
0.97899132 1.5474035e-05 0.020993206 
0.97895541 4.4201819e-05 0.02100039 
0.97892553 1.5463457e-05 0.021059004 
0.97888963 4.4190473e-05 0.021066177 
0.97885979 1.5452877e-05 0.021124761 
0.9788239 4.4179143e-05 0.021131925 
0.97879408 1.5442296e-05 0.021190479 
0.9787582 4.4167828e-05 0.021197633 
0.97872841 1.5431712e-05 0.021256157 
0.97869254 4.4156528e-05 0.021263301 
0.97866278 1.5421126e-05 0.021321795 
0.97862693 4.4145243e-05 0.021328929 
0.9785972 1.5410539e-05 0.021387393 
0.97856135 4.4133973e-05 0.021394518 
0.97853165 1.5399949e-05 0.021452952 
0.97849581 4.4122718e-05 0.021460067 
0.97846614 1.5389358e-05 0.021518471 
0.97843031 4.4111479e-05 0.021525576 
0.97840067 1.5378764e-05 0.021583951 
0.97836485 4.4100254e-05 0.021591046 
0.97833524 1.5368169e-05 0.021649391 
0.97829943 4.4089045e-05 0.021656476 
0.97826985 1.5357572e-05 0.021714792 
0.97823405 4.4077851e-05 0.021721867 
0.9782045 1.5346973e-05 0.021780153 
0.97816871 4.4066671e-05 0.021787219 
0.97813919 1.5336372e-05 0.021845475 
0.97810341 4.4055507e-05 0.021852531 
0.97807392 1.5325769e-05 0.021910758 
0.97803815 4.4044358e-05 0.021917804 
0.97800868 1.5315164e-05 0.021976001 
0.97797293 4.4033223e-05 0.021983038 
0.97794349 1.5304558e-05 0.022041206 
0.97790775 4.4022104e-05 0.022048232 
0.97787834 1.5293949e-05 0.022106371 
0.9778426 4.4010999e-05 0.022113388 
0.97781322 1.5283339e-05 0.022171497 
0.9777775 4.3999909e-05 0.022178504 
0.97774814 1.5272727e-05 0.022236584 
0.97771243 4.3988834e-05 0.022243582 
0.97768311 1.5262113e-05 0.022301632 
0.9776474 4.3977774e-05 0.02230862 
0.97761811 1.5251497e-05 0.022366642 
0.97758241 4.3966729e-05 0.02237362 
0.97755315 1.5240879e-05 0.022431612 
0.97751746 4.3955698e-05 0.022438581 
0.97748823 1.523026e-05 0.022496544 
0.97745255 4.3944682e-05 0.022503503 
0.97742334 1.5219638e-05 0.022561437 
0.97738768 4.3933681e-05 0.022568386 
0.9773585 1.5209015e-05 0.022626291 
0.97732285 4.3922695e-05 0.02263323 
0.9772937 1.519839e-05 0.022691106 
0.97725805 4.3911723e-05 0.022698036 
0.97722893 1.5187764e-05 0.022755883 
0.9771933 4.3900766e-05 0.022762803 
0.9771642 1.5177135e-05 0.022820622 
0.97712858 4.3889824e-05 0.022827532 
0.97709951 1.5166505e-05 0.022885321 
0.9770639 4.3878896e-05 0.022892222 
0.97703486 1.5155872e-05 0.022949983 
0.97699926 4.3867983e-05 0.022956874 
0.97697025 1.5145238e-05 0.023014606 
0.97693466 4.3857084e-05 0.023021487 
0.97690567 1.5134603e-05 0.023079191 
0.97687009 4.38462e-05 0.023086062 
0.97684114 1.5123965e-05 0.023143737 
0.97680557 4.383533e-05 0.023150599 
0.97677664 1.5113326e-05 0.023208245 
0.97674108 4.3824475e-05 0.023215097 
0.97671218 1.5102685e-05 0.023272715 
0.97667663 4.3813635e-05 0.023279558 
0.97664776 1.5092042e-05 0.023337147 
0.97661222 4.3802809e-05 0.02334398 
0.97658338 1.5081397e-05 0.02340154 
0.97654784 4.3791997e-05 0.023408364 
0.97651903 1.5070751e-05 0.023465896 
0.97648351 4.3781199e-05 0.02347271 
0.97645473 1.5060103e-05 0.023530214 
0.97641921 4.3770417e-05 0.023537018 
0.97639046 1.5049453e-05 0.023594493 
0.97635495 4.3759648e-05 0.023601288 
0.97632623 1.5038802e-05 0.023658735 
0.97629073 4.3748894e-05 0.02366552 
0.97626203 1.5028149e-05 0.023722939 
0.97622655 4.3738154e-05 0.023729714 
0.97619788 1.5017494e-05 0.023787105 
0.9761624 4.3727428e-05 0.023793871 
0.97613376 1.5006837e-05 0.023851234 
0.97609829 4.3716717e-05 0.02385799 
0.97606968 1.4996179e-05 0.023915324 
0.97603422 4.370602e-05 0.023922071 
0.97600564 1.4985519e-05 0.023979377 
0.97597019 4.3695337e-05 0.023986114 
0.97594163 1.4974857e-05 0.024043393 
0.9759062 4.3684668e-05 0.02405012 
0.97587767 1.4964193e-05 0.024107371 
0.97584224 4.3674014e-05 0.024114089 
0.97581374 1.4953528e-05 0.024171311 
0.97577832 4.3663374e-05 0.024178019 
0.97574984 1.4942862e-05 0.024235214 
0.97571443 4.3652747e-05 0.024241913 
0.97568599 1.4932193e-05 0.02429908 
0.97565059 4.3642135e-05 0.024305769 
0.97562217 1.4921523e-05 0.024362908 
0.97558678 4.3631537e-05 0.024369587 
0.97555839 1.4910851e-05 0.024426699 
0.97552301 4.3620954e-05 0.024433369 
0.97549465 1.4900178e-05 0.024490452 
0.97545928 4.3610384e-05 0.024497113 
0.97543094 1.4889503e-05 0.024554169 
0.97539558 4.3599828e-05 0.02456082 
0.97536727 1.4878826e-05 0.024617848 
0.97533192 4.3589286e-05 0.024624489 
0.97530364 1.4868148e-05 0.02468149 
0.9752683 4.3578758e-05 0.024688122 
0.97524005 1.4857468e-05 0.024745095 
0.97520471 4.3568245e-05 0.024751718 
0.97517649 1.4846786e-05 0.024808663 
0.97514117 4.3557745e-05 0.024815276 
0.97511297 1.4836103e-05 0.024872194 
0.97507765 4.3547259e-05 0.024878798 
0.97504949 1.4825418e-05 0.024935689 
0.97501418 4.3536787e-05 0.024942282 
0.97498604 1.4814732e-05 0.024999146 
0.97495074 4.3526329e-05 0.02500573 
0.97492263 1.4804044e-05 0.025062567 
0.97488734 4.3515884e-05 0.025069141 
0.97485926 1.4793354e-05 0.02512595 
0.97482398 4.3505454e-05 0.025132516 
0.97479592 1.4782663e-05 0.025189297 
0.97476065 4.3495037e-05 0.025195853 
0.97473262 1.477197e-05 0.025252608 
0.97469736 4.3484634e-05 0.025259154 
0.97466936 1.4761275e-05 0.025315881 
0.97463411 4.3474245e-05 0.025322418 
0.97460613 1.4750579e-05 0.025379119 
0.97457089 4.346387e-05 0.025385646 
0.97454294 1.4739882e-05 0.025442319 
0.97450771 4.3453508e-05 0.025448837 
0.97447979 1.4729183e-05 0.025505483 
0.97444457 4.344316e-05 0.025511992 
0.97441667 1.4718482e-05 0.025568611 
0.97438146 4.3432826e-05 0.02557511 
0.97435359 1.470778e-05 0.025631702 
0.97431839 4.3422505e-05 0.025638192 
0.97429055 1.4697076e-05 0.025694757 
0.97425535 4.3412198e-05 0.025701237 
0.97422754 1.4686371e-05 0.025757776 
0.97419235 4.3401905e-05 0.025764247 
0.97416457 1.4675664e-05 0.025820759 
0.97412939 4.3391625e-05 0.02582722 
0.97410163 1.4664956e-05 0.025883705 
0.97406646 4.3381359e-05 0.025890157 
0.97403873 1.4654246e-05 0.025946615 
0.97400357 4.3371107e-05 0.025953057 
0.97397587 1.4643535e-05 0.026009489 
0.97394072 4.3360868e-05 0.026015922 
0.97391304 1.4632822e-05 0.026072327 
0.9738779 4.3350642e-05 0.02607875 
0.97385025 1.4622107e-05 0.026135129 
0.97381512 4.334043e-05 0.026141543 
0.97378749 1.4611391e-05 0.026197895 
0.97375237 4.3330231e-05 0.026204299 
0.97372477 1.4600674e-05 0.026260625 
0.97368966 4.3320046e-05 0.02626702 
0.97366209 1.4589955e-05 0.026323319 
0.97362699 4.3309875e-05 0.026329705 
0.97359944 1.4579235e-05 0.026385977 
0.97356435 4.3299716e-05 0.026392354 
0.97353683 1.4568513e-05 0.0264486 
0.97350174 4.3289571e-05 0.026454967 
0.97347426 1.4557789e-05 0.026511187 
0.97343918 4.327944e-05 0.026517545 
0.97341172 1.4547065e-05 0.026573738 
0.97337664 4.3269322e-05 0.026580086 
0.97334921 1.4536338e-05 0.026636253 
0.97331415 4.3259217e-05 0.026642593 
0.97328674 1.4525611e-05 0.026698733 
0.97325169 4.3249125e-05 0.026705063 
0.97322431 1.4514881e-05 0.026761178 
0.97318926 4.3239047e-05 0.026767498 
0.97316191 1.4504151e-05 0.026823587 
0.97312687 4.3228982e-05 0.026829898 
0.97309955 1.4493419e-05 0.02688596 
0.97306452 4.321893e-05 0.026892262 
0.97303722 1.4482685e-05 0.026948298 
0.9730022 4.3208892e-05 0.026954591 
0.97297493 1.447195e-05 0.027010601 
0.97293992 4.3198866e-05 0.027016884 
0.97291267 1.4461214e-05 0.027072868 
0.97287767 4.3188854e-05 0.027079142 
0.97285045 1.4450476e-05 0.0271351 
0.97281546 4.3178855e-05 0.027141365 
0.97278826 1.4439737e-05 0.027197297 
0.97275328 4.3168869e-05 0.027203552 
0.97272611 1.4428996e-05 0.027259459 
0.97269114 4.3158896e-05 0.027265705 
0.972664 1.4418254e-05 0.027321586 
0.97262903 4.3148937e-05 0.027327822 
0.97260192 1.4407511e-05 0.027383677 
0.97256696 4.313899e-05 0.027389904 
0.97253987 1.4396766e-05 0.027445734 
0.97250492 4.3129057e-05 0.027451952 
0.97247786 1.438602e-05 0.027507755 
0.97244292 4.3119136e-05 0.027513964 
0.97241588 1.4375272e-05 0.027569742 
0.97238095 4.3109229e-05 0.027575941 
0.97235394 1.4364523e-05 0.027631693 
0.97231902 4.3099334e-05 0.027637883 
0.97229204 1.4353773e-05 0.02769361 
0.97225712 4.3089453e-05 0.027699791 
0.97223017 1.4343021e-05 0.027755492 
0.97219526 4.3079584e-05 0.027761664 
0.97216833 1.4332268e-05 0.027817339 
0.97213343 4.3069728e-05 0.027823502 
0.97210653 1.4321514e-05 0.027879152 
0.97207164 4.3059886e-05 0.027885305 
0.97204476 1.4310758e-05 0.027940929 
0.97200988 4.3050056e-05 0.027947073 
0.97198303 1.4300001e-05 0.028002672 
0.97194815 4.3040239e-05 0.028008807 
0.97192133 1.4289243e-05 0.028064381 
0.97188646 4.3030435e-05 0.028070507 
0.97185967 1.4278483e-05 0.028126055 
0.97182481 4.3020643e-05 0.028132171 
0.97179804 1.4267722e-05 0.028187695 
0.97176319 4.3010865e-05 0.028193802 
0.97173644 1.425696e-05 0.0282493 
0.9717016 4.3001099e-05 0.028255398 
0.97167488 1.4246196e-05 0.02831087 
0.97164005 4.2991346e-05 0.028316959 
0.97161336 1.4235431e-05 0.028372407 
0.97157853 4.2981606e-05 0.028378486 
0.97155187 1.4224664e-05 0.028433909 
0.97151705 4.2971879e-05 0.028439979 
0.97149041 1.4213897e-05 0.028495376 
0.9714556 4.2962164e-05 0.028501437 
0.97142899 1.4203128e-05 0.02855681 
0.97139419 4.2952462e-05 0.028562862 
0.9713676 1.4192358e-05 0.028618209 
0.97133281 4.2942773e-05 0.028624252 
0.97130624 1.4181586e-05 0.028679574 
0.97127146 4.2933096e-05 0.028685608 
0.97124492 1.4170813e-05 0.028740905 
0.97121015 4.2923432e-05 0.02874693 
0.97118364 1.4160039e-05 0.028802202 
0.97114887 4.291378e-05 0.028808217 
0.97112239 1.4149264e-05 0.028863465 
0.97108762 4.2904141e-05 0.028869471 
0.97106117 1.4138487e-05 0.028924694 
0.97102641 4.2894515e-05 0.028930691 
0.97099998 1.4127709e-05 0.028985889 
0.97096524 4.2884901e-05 0.028991877 
0.97093883 1.411693e-05 0.029047051 
0.9709041 4.28753e-05 0.029053029 
0.97087772 1.410615e-05 0.029108178 
0.97084299 4.2865711e-05 0.029114147 
0.97081663 1.4095368e-05 0.029169271 
0.97078191 4.2856135e-05 0.029175232 
0.97075558 1.4084585e-05 0.029230331 
0.97072087 4.2846571e-05 0.029236283 
0.97069457 1.4073801e-05 0.029291357 
0.97065986 4.283702e-05 0.0292973 
0.97063359 1.4063016e-05 0.02935235 
0.97059889 4.2827481e-05 0.029358283 
0.97057264 1.4052229e-05 0.029413309 
0.97053795 4.2817955e-05 0.029419233 
0.97051172 1.4041441e-05 0.029474234 
0.97047704 4.2808441e-05 0.029480149 
0.97045084 1.4030652e-05 0.029535126 
0.97041617 4.2798939e-05 0.029541032 
0.97039 1.4019862e-05 0.029595984 
0.97035533 4.278945e-05 0.029601881 
0.97032918 1.4009071e-05 0.029656809 
0.97029452 4.2779973e-05 0.029662696 
0.9702684 1.3998278e-05 0.0297176 
0.97023375 4.2770508e-05 0.029723479 
0.97020765 1.3987484e-05 0.029778358 
0.97017301 4.2761056e-05 0.029784228 
0.97014694 1.3976689e-05 0.029839083 
0.9701123 4.2751616e-05 0.029844943 
0.97008626 1.3965893e-05 0.029899774 
0.97005163 4.2742188e-05 0.029905626 
0.97002561 1.3955096e-05 0.029960433 
0.96999099 4.2732772e-05 0.029966275 
0.969965 1.3944297e-05 0.030021058 
0.96993039 4.2723369e-05 0.030026891 
0.96990442 1.3933497e-05 0.03008165 
0.96986981 4.2713978e-05 0.030087474 
0.96984387 1.3922697e-05 0.030142208 
0.96980927 4.2704599e-05 0.030148024 
0.96978335 1.3911895e-05 0.030202734 
0.96974876 4.2695232e-05 0.03020854 
0.96972287 1.3901091e-05 0.030263227 
0.96968829 4.2685877e-05 0.030269024 
0.96966242 1.3890287e-05 0.030323687 
0.96962785 4.2676535e-05 0.030329475 
0.96960201 1.3879482e-05 0.030384113 
0.96956744 4.2667204e-05 0.030389893 
0.96954162 1.3868675e-05 0.030444507 
0.96950706 4.2657886e-05 0.030450277 
0.96948127 1.3857867e-05 0.030504868 
0.96944672 4.264858e-05 0.03051063 
0.96942096 1.3847058e-05 0.030565197 
0.96938641 4.2639285e-05 0.030570949 
0.96936067 1.3836248e-05 0.030625492 
0.96932613 4.2630003e-05 0.030631235 
0.96930042 1.3825437e-05 0.030685755 
0.96926589 4.2620733e-05 0.030691489 
0.9692402 1.3814625e-05 0.030745985 
0.96920568 4.2611475e-05 0.03075171 
0.96918001 1.3803812e-05 0.030806182 
0.9691455 4.2602228e-05 0.030811899 
0.96911986 1.3792997e-05 0.030866347 
0.96908535 4.2592994e-05 0.030872055 
0.96905974 1.3782181e-05 0.03092648 
0.96902524 4.2583772e-05 0.030932178 
0.96899965 1.3771365e-05 0.030986579 
0.96896516 4.2574561e-05 0.030992269 
0.96893959 1.3760547e-05 0.031046647 
0.96890511 4.2565363e-05 0.031052327 
0.96887957 1.3749728e-05 0.031106682 
0.96884509 4.2556176e-05 0.031112353 
0.96881958 1.3738908e-05 0.031166684 
0.96878511 4.2547001e-05 0.031172347 
0.96875962 1.3728087e-05 0.031226654 
0.96872515 4.2537838e-05 0.031232308 
0.96869969 1.3717265e-05 0.031286592 
0.96866523 4.2528687e-05 0.031292237 
0.9686398 1.3706442e-05 0.031346498 
0.96860535 4.2519548e-05 0.031352134 
0.96857993 1.3695618e-05 0.031406371 
0.96854549 4.251042e-05 0.031411998 
0.9685201 1.3684793e-05 0.031466212 
0.96848567 4.2501304e-05 0.03147183 
0.9684603 1.3673967e-05 0.031526021 
0.96842588 4.24922e-05 0.03153163 
0.96840054 1.3663139e-05 0.031585798 
0.96836612 4.2483108e-05 0.031591399 
0.9683408 1.3652311e-05 0.031645543 
0.96830639 4.2474027e-05 0.031651135 
0.9682811 1.3641481e-05 0.031705256 
0.9682467 4.2464958e-05 0.031710839 
0.96822143 1.3630651e-05 0.031764937 
0.96818703 4.2455901e-05 0.031770511 
0.96816179 1.3619819e-05 0.031824586 
0.9681274 4.2446856e-05 0.031830151 
0.96810219 1.3608987e-05 0.031884203 
0.9680678 4.2437822e-05 0.031889759 
0.96804261 1.3598153e-05 0.031943788 
0.96800824 4.2428799e-05 0.031949335 
0.96798307 1.3587319e-05 0.032003341 
0.9679487 4.2419789e-05 0.03200888 
0.96792356 1.3576483e-05 0.032062863 
0.9678892 4.241079e-05 0.032068393 
0.96786408 1.3565647e-05 0.032122353 
0.96782972 4.2401802e-05 0.032127874 
0.96780463 1.3554809e-05 0.032181811 
0.96777028 4.2392826e-05 0.032187323 
0.96774522 1.3543971e-05 0.032241237 
0.96771088 4.2383861e-05 0.032246741 
0.96768583 1.3533131e-05 0.032300632 
0.9676515 4.2374908e-05 0.032306127 
0.96762648 1.3522291e-05 0.032359996 
0.96759215 4.2365967e-05 0.032365481 
0.96756716 1.3511449e-05 0.032419328 
0.96753284 4.2357037e-05 0.032424804 
0.96750787 1.3500607e-05 0.032478628 
0.96747356 4.2348118e-05 0.032484096 
0.96744861 1.3489764e-05 0.032537897 
0.9674143 4.2339211e-05 0.032543356 
0.96738939 1.3478919e-05 0.032597134 
0.96735508 4.2330315e-05 0.032602585 
0.96733019 1.3468074e-05 0.03265634 
0.9672959 4.2321431e-05 0.032661782 
0.96727103 1.3457227e-05 0.032715515 
0.96723674 4.2312558e-05 0.032720948 
0.96721189 1.344638e-05 0.032774659 
0.96717761 4.2303697e-05 0.032780083 
0.96715279 1.3435532e-05 0.032833771 
0.96711852 4.2294846e-05 0.032839186 
0.96709372 1.3424683e-05 0.032892852 
0.96705946 4.2286007e-05 0.032898259 
0.96703468 1.3413833e-05 0.032951902 
0.96700042 4.227718e-05 0.0329573 
0.96697568 1.3402982e-05 0.03301092 
0.96694142 4.2268364e-05 0.03301631 
0.9669167 1.339213e-05 0.033069908 
0.96688245 4.2259559e-05 0.033075289 
0.96685775 1.3381277e-05 0.033128865 
0.96682351 4.2250765e-05 0.033134236 
0.96679884 1.3370423e-05 0.03318779 
0.9667646 4.2241982e-05 0.033193153 
0.96673996 1.3359569e-05 0.033246685 
0.96670573 4.2233211e-05 0.033252039 
0.9666811 1.3348713e-05 0.033305549 
0.96664688 4.2224451e-05 0.033310894 
0.96662228 1.3337856e-05 0.033364381 
0.96658807 4.2215702e-05 0.033369718 
0.96656349 1.3326999e-05 0.033423183 
0.96652928 4.2206964e-05 0.033428512 
0.96650473 1.3316141e-05 0.033481954 
0.96647053 4.2198238e-05 0.033487274 
0.966446 1.3305282e-05 0.033540695 
0.9664118 4.2189522e-05 0.033546006 
0.9663873 1.3294421e-05 0.033599404 
0.96635311 4.2180818e-05 0.033604706 
0.96632863 1.328356e-05 0.033658083 
0.96629445 4.2172125e-05 0.033663377 
0.96627 1.3272699e-05 0.033716731 
0.96623582 4.2163442e-05 0.033722016 
0.96621139 1.3261836e-05 0.033775349 
0.96617722 4.2154771e-05 0.033780625 
0.96615281 1.3250972e-05 0.033833936 
0.96611865 4.2146111e-05 0.033839204 
0.96609427 1.3240108e-05 0.033892493 
0.96606011 4.2137462e-05 0.033897752 
0.96603575 1.3229243e-05 0.033951018 
0.9660016 4.2128824e-05 0.033956269 
0.96597727 1.3218376e-05 0.034009514 
0.96594312 4.2120197e-05 0.034014756 
0.96591881 1.3207509e-05 0.034067979 
0.96588468 4.2111581e-05 0.034073212 
0.96586039 1.3196642e-05 0.034126414 
0.96582626 4.2102976e-05 0.034131638 
0.965802 1.3185773e-05 0.034184818 
0.96576787 4.2094382e-05 0.034190034 
0.96574363 1.3174903e-05 0.034243192 
0.96570951 4.2085799e-05 0.0342484 
0.9656853 1.3164033e-05 0.034301536 
0.96565119 4.2077227e-05 0.034306735 
0.965627 1.3153162e-05 0.03435985 
0.96559289 4.2068665e-05 0.03436504 
0.96556872 1.314229e-05 0.034418133 
0.96553463 4.2060115e-05 0.034423314 
0.96551048 1.3131417e-05 0.034476386 
0.96547639 4.2051575e-05 0.034481559 
0.96545227 1.3120543e-05 0.034534609 
0.96541818 4.2043046e-05 0.034539774 
0.96539409 1.3109669e-05 0.034592802 
0.96536001 4.2034528e-05 0.034597958 
0.96533594 1.3098793e-05 0.034650965 
0.96530186 4.2026021e-05 0.034656112 
0.96527781 1.3087917e-05 0.034709098 
0.96524375 4.2017524e-05 0.034714237 
0.96521972 1.3077041e-05 0.034767201 
0.96518566 4.2009039e-05 0.034772331 
0.96516166 1.3066163e-05 0.034825274 
0.9651276 4.2000564e-05 0.034830396 
0.96510363 1.3055284e-05 0.034883317 
0.96506958 4.19921e-05 0.03488843 
0.96504563 1.3044405e-05 0.034941331 
0.96501158 4.1983646e-05 0.034946435 
0.96498765 1.3033525e-05 0.034999314 
0.96495361 4.1975204e-05 0.03500441 
0.96492971 1.3022644e-05 0.035057268 
0.96489568 4.1966771e-05 0.035062355 
0.9648718 1.3011763e-05 0.035115192 
0.96483777 4.195835e-05 0.035120271 
0.96481391 1.300088e-05 0.035173086 
0.96477989 4.1949939e-05 0.035178157 
0.96475606 1.2989997e-05 0.035230951 
0.96472205 4.1941539e-05 0.035236013 
0.96469824 1.2979114e-05 0.035288786 
0.96466423 4.193315e-05 0.035293839 
0.96464044 1.2968229e-05 0.035346591 
0.96460644 4.1924771e-05 0.035351636 
0.96458268 1.2957344e-05 0.035404367 
0.96454868 4.1916403e-05 0.035409404 
0.96452494 1.2946457e-05 0.035462113 
0.96449095 4.1908045e-05 0.035467141 
0.96446723 1.2935571e-05 0.03551983 
0.96443325 4.1899698e-05 0.03552485 
0.96440956 1.2924683e-05 0.035577517 
