1 0 0 
0.99996 2.8218271e-05 1.1780315e-05 
0.99992001 3.3333176e-05 4.6653955e-05 
0.99988004 3.5189337e-05 8.4770729e-05 
0.99984008 3.5947207e-05 0.00012396967 
0.99980014 3.6259052e-05 0.00016359842 
0.99976022 3.6384863e-05 0.000203397 
0.99972031 3.6432992e-05 0.00024325708 
0.99968042 3.6448733e-05 0.0002831334 
0.99964054 3.6450986e-05 0.00032300708 
0.99960068 3.6447626e-05 0.00036287026 
0.99956084 3.6441932e-05 0.00040271967 
0.99952101 3.643527e-05 0.00044255396 
0.9994812 3.6428207e-05 0.00048237258 
0.9994414 3.642098e-05 0.00052217531 
0.99940162 3.6413687e-05 0.00056196206 
0.99936186 3.6406369e-05 0.00060173279 
0.99932211 3.6399043e-05 0.00064148752 
0.99928238 3.6391716e-05 0.00068122623 
0.99924267 3.6384391e-05 0.00072094894 
0.99920297 3.6377069e-05 0.00076065567 
0.99916328 3.6369751e-05 0.00080034641 
0.99912362 3.6362437e-05 0.0008400212 
0.99908396 3.6355127e-05 0.00087968003 
0.99904433 3.6347821e-05 0.00091932292 
0.99900471 3.634052e-05 0.00095894988 
0.99896511 3.6333222e-05 0.00099856092 
0.99892552 3.6325929e-05 0.0010381561 
0.99888595 3.6318639e-05 0.0010777353 
0.99884639 3.6311354e-05 0.0011172987 
0.99880685 3.6304073e-05 0.0011568462 
0.99876733 3.6296796e-05 0.0011963778 
0.99872782 3.6289523e-05 0.0012358936 
0.99868832 3.6282254e-05 0.0012753936 
0.99864885 3.6274989e-05 0.0013148777 
0.99860939 3.6267729e-05 0.0013543461 
0.99856994 3.6260472e-05 0.0013937986 
0.99853051 3.6253219e-05 0.0014332354 
0.9984911 3.6245971e-05 0.0014726564 
0.9984517 3.6238727e-05 0.0015120616 
0.99841232 3.6231486e-05 0.0015514511 
0.99837295 3.622425e-05 0.0015908249 
0.9983336 3.6217018e-05 0.0016301829 
0.99829426 3.6209789e-05 0.0016695252 
0.99825495 3.6202565e-05 0.0017088518 
0.99821564 3.6195345e-05 0.0017481628 
0.99817635 3.6188129e-05 0.001787458 
0.99813708 3.6180917e-05 0.0018267376 
0.99809782 3.6173709e-05 0.0018660015 
0.99805858 3.6166505e-05 0.0019052498 
0.99801936 3.6159306e-05 0.0019444825 
0.99798015 3.615211e-05 0.0019836996 
0.99794095 3.6144918e-05 0.002022901 
0.99790178 3.613773e-05 0.0020620869 
0.99786261 3.6130546e-05 0.0021012572 
0.99782346 3.6123366e-05 0.0021404119 
0.99778433 3.6116191e-05 0.002179551 
0.99774522 3.6109019e-05 0.0022186746 
0.99770612 3.6101851e-05 0.0022577827 
0.99766703 3.6094687e-05 0.0022968752 
0.99762796 3.6087528e-05 0.0023359523 
0.99758891 3.6080372e-05 0.0023750138 
0.99754987 3.607322e-05 0.0024140599 
0.99751084 3.6066072e-05 0.0024530905 
0.99747184 3.6058928e-05 0.0024921056 
0.99743284 3.6051788e-05 0.0025311052 
0.99739387 3.6044652e-05 0.0025700895 
0.9973549 3.6037521e-05 0.0026090583 
0.99731596 3.6030393e-05 0.0026480116 
0.99727703 3.6023269e-05 0.0026869496 
0.99723811 3.6016149e-05 0.0027258722 
0.99719921 3.6009033e-05 0.0027647794 
0.99716033 3.600192e-05 0.0028036712 
0.99712146 3.5994812e-05 0.0028425477 
0.9970826 3.5987708e-05 0.0028814088 
0.99704376 3.5980608e-05 0.0029202546 
0.99700494 3.5973511e-05 0.0029590851 
0.99696613 3.5966419e-05 0.0029979002 
0.99692734 3.5959331e-05 0.0030367001 
0.99688856 3.5952246e-05 0.0030754846 
0.9968498 3.5945165e-05 0.0031142539 
0.99681105 3.5938089e-05 0.0031530079 
0.99677232 3.5931016e-05 0.0031917467 
0.99673361 3.5923947e-05 0.0032304702 
0.9966949 3.5916882e-05 0.0032691785 
0.99665622 3.5909821e-05 0.0033078716 
0.99661755 3.5902764e-05 0.0033465494 
0.99657889 3.5895711e-05 0.0033852121 
0.99654025 3.5888661e-05 0.0034238595 
0.99650163 3.5881616e-05 0.0034624918 
0.99646302 3.5874574e-05 0.003501109 
0.99642442 3.5867537e-05 0.0035397109 
0.99638584 3.5860503e-05 0.0035782978 
0.99634728 3.5853473e-05 0.0036168695 
0.99630873 3.5846447e-05 0.0036554261 
0.99627019 3.5839425e-05 0.0036939675 
0.99623167 3.5832407e-05 0.0037324939 
0.99619317 3.5825392e-05 0.0037710052 
0.99615468 3.5818382e-05 0.0038095015 
0.99611621 3.5811375e-05 0.0038479826 
0.99607775 3.5804372e-05 0.0038864487 
0.9960393 3.5797374e-05 0.0039248998 
0.99600087 3.5790378e-05 0.0039633359 
0.99596246 3.5783387e-05 0.0040017569 
0.99592406 3.57764e-05 0.0040401629 
0.99588568 3.5769416e-05 0.0040785539 
0.99584731 3.5762437e-05 0.00411693 
0.99580895 3.5755461e-05 0.0041552911 
0.99577061 3.5748489e-05 0.0041936372 
0.99573229 3.574152e-05 0.0042319683 
0.99569398 3.5734556e-05 0.0042702845 
0.99565569 3.5727596e-05 0.0043085858 
0.99561741 3.5720639e-05 0.0043468722 
0.99557914 3.5713686e-05 0.0043851437 
0.99554089 3.5706737e-05 0.0044234003 
0.99550266 3.5699791e-05 0.0044616419 
0.99546444 3.569285e-05 0.0044998688 
0.99542623 3.5685912e-05 0.0045380807 
0.99538804 3.5678978e-05 0.0045762778 
0.99534987 3.5672048e-05 0.0046144601 
0.99531171 3.5665122e-05 0.0046526275 
0.99527356 3.56582e-05 0.0046907802 
0.99523543 3.5651281e-05 0.004728918 
0.99519731 3.5644366e-05 0.004767041 
0.99515921 3.5637455e-05 0.0048051492 
0.99512113 3.5630547e-05 0.0048432427 
0.99508305 3.5623644e-05 0.0048813214 
0.995045 3.5616744e-05 0.0049193853 
0.99500696 3.5609848e-05 0.0049574345 
0.99496893 3.5602956e-05 0.004995469 
0.99493092 3.5596067e-05 0.0050334888 
0.99489292 3.5589182e-05 0.0050714938 
0.99485493 3.5582301e-05 0.0051094842 
0.99481696 3.5575424e-05 0.0051474598 
0.99477901 3.556855e-05 0.0051854208 
0.99474107 3.5561681e-05 0.0052233671 
0.99470315 3.5554815e-05 0.0052612988 
0.99466524 3.5547952e-05 0.0052992158 
0.99462734 3.5541094e-05 0.0053371182 
0.99458946 3.5534239e-05 0.005375006 
0.99455159 3.5527388e-05 0.0054128791 
0.99451374 3.5520541e-05 0.0054507377 
0.9944759 3.5513697e-05 0.0054885817 
0.99443808 3.5506857e-05 0.0055264111 
0.99440027 3.5500021e-05 0.0055642259 
0.99436248 3.5493188e-05 0.0056020262 
0.9943247 3.548636e-05 0.0056398119 
0.99428694 3.5479535e-05 0.0056775831 
0.99424919 3.5472713e-05 0.0057153397 
0.99421145 3.5465896e-05 0.0057530819 
0.99417373 3.5459082e-05 0.0057908095 
0.99413603 3.5452271e-05 0.0058285227 
0.99409833 3.5445465e-05 0.0058662213 
0.99406066 3.5438662e-05 0.0059039055 
0.99402299 3.5431863e-05 0.0059415753 
0.99398534 3.5425067e-05 0.0059792305 
0.99394771 3.5418275e-05 0.0060168714 
0.99391009 3.5411487e-05 0.0060544978 
0.99387249 3.5404703e-05 0.0060921098 
0.99383489 3.5397922e-05 0.0061297074 
0.99379732 3.5391145e-05 0.0061672906 
0.99375976 3.5384371e-05 0.0062048594 
0.99372221 3.5377601e-05 0.0062424138 
0.99368468 3.5370835e-05 0.0062799538 
0.99364716 3.5364073e-05 0.0063174795 
0.99360965 3.5357314e-05 0.0063549909 
0.99357216 3.5350559e-05 0.0063924879 
0.99353469 3.5343807e-05 0.0064299706 
0.99349722 3.5337059e-05 0.006467439 
0.99345978 3.5330315e-05 0.0065048931 
0.99342234 3.5323574e-05 0.0065423329 
0.99338492 3.5316837e-05 0.0065797584 
0.99334752 3.5310104e-05 0.0066171696 
0.99331013 3.5303374e-05 0.0066545666 
0.99327275 3.5296648e-05 0.0066919493 
0.99323539 3.5289926e-05 0.0067293178 
0.99319804 3.5283207e-05 0.0067666721 
0.99316071 3.5276492e-05 0.0068040121 
0.99312339 3.526978e-05 0.0068413379 
0.99308609 3.5263072e-05 0.0068786495 
0.9930488 3.5256367e-05 0.006915947 
0.99301152 3.5249667e-05 0.0069532302 
0.99297426 3.5242969e-05 0.0069904993 
0.99293701 3.5236276e-05 0.0070277542 
0.99289978 3.5229586e-05 0.007064995 
0.99286256 3.5222899e-05 0.0071022217 
0.99282535 3.5216216e-05 0.0071394342 
0.99278816 3.5209537e-05 0.0071766326 
0.99275098 3.5202861e-05 0.0072138169 
0.99271382 3.5196189e-05 0.0072509871 
0.99267667 3.5189521e-05 0.0072881432 
0.99263953 3.5182856e-05 0.0073252852 
0.99260241 3.5176194e-05 0.0073624132 
0.9925653 3.5169537e-05 0.0073995271 
0.99252821 3.5162882e-05 0.007436627 
0.99249113 3.5156232e-05 0.0074737128 
0.99245407 3.5149585e-05 0.0075107846 
0.99241701 3.5142941e-05 0.0075478424 
0.99237998 3.5136301e-05 0.0075848862 
0.99234295 3.5129664e-05 0.007621916 
0.99230595 3.5123032e-05 0.0076589318 
0.99226895 3.5116402e-05 0.0076959336 
0.99223197 3.5109776e-05 0.0077329215 
0.992195 3.5103154e-05 0.0077698954 
0.99215805 3.5096535e-05 0.0078068554 
0.99212111 3.508992e-05 0.0078438014 
0.99208418 3.5083308e-05 0.0078807335 
0.99204727 3.50767e-05 0.0079176517 
0.99201037 3.5070095e-05 0.007954556 
0.99197349 3.5063494e-05 0.0079914464 
0.99193662 3.5056897e-05 0.008028323 
0.99189976 3.5050303e-05 0.0080651856 
0.99186292 3.5043712e-05 0.0081020344 
0.99182609 3.5037125e-05 0.0081388693 
0.99178928 3.5030541e-05 0.0081756904 
0.99175248 3.5023961e-05 0.0082124976 
0.99171569 3.5017385e-05 0.0082492911 
0.99167892 3.5010812e-05 0.0082860707 
0.99164216 3.5004242e-05 0.0083228365 
0.99160541 3.4997676e-05 0.0083595885 
0.99156868 3.4991113e-05 0.0083963267 
0.99153196 3.4984554e-05 0.0084330512 
0.99149526 3.4977999e-05 0.0084697619 
0.99145857 3.4971446e-05 0.0085064588 
0.99142189 3.4964898e-05 0.008543142 
0.99138523 3.4958353e-05 0.0085798114 
0.99134858 3.4951811e-05 0.0086164672 
0.99131195 3.4945273e-05 0.0086531092 
0.99127532 3.4938738e-05 0.0086897375 
0.99123872 3.4932206e-05 0.0087263521 
0.99120212 3.4925679e-05 0.0087629531 
0.99116554 3.4919154e-05 0.0087995403 
0.99112897 3.4912633e-05 0.0088361139 
0.99109242 3.4906116e-05 0.0088726738 
0.99105588 3.4899602e-05 0.0089092201 
0.99101935 3.4893091e-05 0.0089457528 
0.99098284 3.4886584e-05 0.0089822718 
0.99094634 3.488008e-05 0.0090187772 
0.99090986 3.487358e-05 0.009055269 
0.99087339 3.4867083e-05 0.0090917472 
0.99083693 3.4860589e-05 0.0091282118 
0.99080048 3.4854099e-05 0.0091646628 
0.99076405 3.4847613e-05 0.0092011003 
0.99072763 3.484113e-05 0.0092375242 
0.99069123 3.483465e-05 0.0092739345 
0.99065484 3.4828174e-05 0.0093103314 
0.99061846 3.4821701e-05 0.0093467147 
0.9905821 3.4815231e-05 0.0093830844 
0.99054575 3.4808765e-05 0.0094194407 
0.99050941 3.4802302e-05 0.0094557834 
0.99047309 3.4795843e-05 0.0094921127 
0.99043678 3.4789387e-05 0.0095284285 
0.99040049 3.4782935e-05 0.0095647308 
0.9903642 3.4776486e-05 0.0096010196 
0.99032793 3.477004e-05 0.009637295 
0.99029168 3.4763598e-05 0.009673557 
0.99025544 3.4757159e-05 0.0097098055 
0.99021921 3.4750723e-05 0.0097460406 
0.99018299 3.4744291e-05 0.0097822623 
0.99014679 3.4737862e-05 0.0098184705 
0.9901106 3.4731437e-05 0.0098546654 
0.99007443 3.4725015e-05 0.0098908469 
0.99003827 3.4718596e-05 0.009927015 
0.99000212 3.4712181e-05 0.0099631698 
0.98996598 3.4705769e-05 0.0099993111 
0.98992986 3.469936e-05 0.010035439 
0.98989375 3.4692955e-05 0.010071554 
0.98985766 3.4686553e-05 0.010107655 
0.98982158 3.4680155e-05 0.010143743 
0.98978551 3.467376e-05 0.010179818 
0.98974945 3.4667368e-05 0.010215879 
0.98971341 3.466098e-05 0.010251928 
0.98967738 3.4654594e-05 0.010287962 
0.98964137 3.4648213e-05 0.010323984 
0.98960537 3.4641834e-05 0.010359992 
0.98956938 3.4635459e-05 0.010395987 
0.9895334 3.4629087e-05 0.010431969 
0.98949744 3.4622719e-05 0.010467938 
0.98946149 3.4616354e-05 0.010503893 
0.98942555 3.4609992e-05 0.010539835 
0.98938963 3.4603634e-05 0.010575764 
0.98935372 3.4597278e-05 0.01061168 
0.98931783 3.4590927e-05 0.010647583 
0.98928194 3.4584578e-05 0.010683472 
0.98924607 3.4578233e-05 0.010719348 
0.98921022 3.4571891e-05 0.010755211 
0.98917437 3.4565552e-05 0.010791061 
0.98913854 3.4559217e-05 0.010826898 
0.98910273 3.4552885e-05 0.010862722 
0.98906692 3.4546556e-05 0.010898532 
0.98903113 3.4540231e-05 0.010934329 
0.98899535 3.4533909e-05 0.010970114 
0.98895959 3.452759e-05 0.011005885 
0.98892384 3.4521275e-05 0.011041643 
0.9888881 3.4514962e-05 0.011077388 
0.98885237 3.4508653e-05 0.01111312 
0.98881666 3.4502348e-05 0.011148839 
0.98878096 3.4496045e-05 0.011184545 
0.98874527 3.4489746e-05 0.011220237 
0.9887096 3.448345e-05 0.011255917 
0.98867394 3.4477158e-05 0.011291584 
0.98863829 3.4470868e-05 0.011327238 
0.98860266 3.4464582e-05 0.011362878 
0.98856704 3.4458299e-05 0.011398506 
0.98853143 3.445202e-05 0.011434121 
0.98849583 3.4445743e-05 0.011469723 
0.98846025 3.443947e-05 0.011505311 
0.98842468 3.4433201e-05 0.011540887 
0.98838912 3.4426934e-05 0.01157645 
0.98835358 3.4420671e-05 0.011612 
0.98831805 3.4414411e-05 0.011647537 
0.98828253 3.4408154e-05 0.011683061 
0.98824703 3.44019e-05 0.011718572 
0.98821153 3.439565e-05 0.011754071 
0.98817605 3.4389403e-05 0.011789556 
0.98814059 3.4383159e-05 0.011825029 
0.98810513 3.4376918e-05 0.011860488 
0.98806969 3.437068e-05 0.011895935 
0.98803427 3.4364446e-05 0.011931369 
0.98799885 3.4358215e-05 0.01196679 
0.98796345 3.4351987e-05 0.012002198 
0.98792806 3.4345763e-05 0.012037593 
0.98789268 3.4339541e-05 0.012072976 
0.98785732 3.4333323e-05 0.012108346 
0.98782197 3.4327108e-05 0.012143702 
0.98778663 3.4320896e-05 0.012179047 
0.98775131 3.4314688e-05 0.012214378 
0.987716 3.4308482e-05 0.012249696 
0.9876807 3.430228e-05 0.012285002 
0.98764541 3.4296081e-05 0.012320295 
0.98761013 3.4289885e-05 0.012355576 
0.98757487 3.4283693e-05 0.012390843 
0.98753962 3.4277503e-05 0.012426098 
0.98750439 3.4271317e-05 0.01246134 
0.98746917 3.4265134e-05 0.012496569 
0.98743396 3.4258954e-05 0.012531786 
0.98739876 3.4252777e-05 0.01256699 
0.98736357 3.4246604e-05 0.012602181 
0.9873284 3.4240433e-05 0.01263736 
0.98729324 3.4234266e-05 0.012672525 
0.98725809 3.4228102e-05 0.012707679 
0.98722296 3.4221941e-05 0.012742819 
0.98718784 3.4215784e-05 0.012777947 
0.98715273 3.4209629e-05 0.012813062 
0.98711763 3.4203478e-05 0.012848165 
0.98708255 3.4197329e-05 0.012883255 
0.98704748 3.4191184e-05 0.012918333 
0.98701242 3.4185042e-05 0.012953397 
0.98697737 3.4178903e-05 0.01298845 
0.98694234 3.4172768e-05 0.013023489 
0.98690732 3.4166635e-05 0.013058516 
0.98687231 3.4160506e-05 0.013093531 
0.98683731 3.4154379e-05 0.013128533 
0.98680233 3.4148256e-05 0.013163522 
0.98676736 3.4142136e-05 0.013198499 
0.9867324 3.4136019e-05 0.013233463 
0.98669746 3.4129905e-05 0.013268415 
0.98666252 3.4123795e-05 0.013303354 
0.9866276 3.4117687e-05 0.013338281 
0.98659269 3.4111583e-05 0.013373195 
0.9865578 3.4105481e-05 0.013408097 
0.98652291 3.4099383e-05 0.013442986 
0.98648804 3.4093288e-05 0.013477863 
0.98645319 3.4087196e-05 0.013512727 
0.98641834 3.4081107e-05 0.013547579 
0.98638351 3.4075022e-05 0.013582419 
0.98634869 3.4068939e-05 0.013617246 
0.98631388 3.4062859e-05 0.01365206 
0.98627908 3.4056783e-05 0.013686862 
0.9862443 3.4050709e-05 0.013721652 
0.98620953 3.4044639e-05 0.013756429 
0.98617477 3.4038572e-05 0.013791194 
0.98614002 3.4032508e-05 0.013825947 
0.98610529 3.4026447e-05 0.013860687 
0.98607056 3.4020389e-05 0.013895415 
0.98603586 3.4014334e-05 0.01393013 
0.98600116 3.4008282e-05 0.013964833 
0.98596647 3.4002233e-05 0.013999524 
0.9859318 3.3996187e-05 0.014034202 
0.98589714 3.3990145e-05 0.014068868 
0.98586249 3.3984105e-05 0.014103522 
0.98582786 3.3978069e-05 0.014138164 
0.98579324 3.3972035e-05 0.014172793 
0.98575862 3.3966005e-05 0.01420741 
0.98572403 3.3959978e-05 0.014242014 
0.98568944 3.3953953e-05 0.014276606 
0.98565487 3.3947932e-05 0.014311186 
0.9856203 3.3941914e-05 0.014345754 
0.98558575 3.3935899e-05 0.01438031 
0.98555122 3.3929887e-05 0.014414853 
0.98551669 3.3923878e-05 0.014449384 
0.98548218 3.3917872e-05 0.014483903 
0.98544768 3.3911869e-05 0.014518409 
0.98541319 3.3905869e-05 0.014552904 
0.98537871 3.3899872e-05 0.014587386 
0.98534425 3.3893878e-05 0.014621856 
0.9853098 3.3887887e-05 0.014656313 
0.98527536 3.3881899e-05 0.014690759 
0.98524093 3.3875914e-05 0.014725192 
0.98520652 3.3869933e-05 0.014759614 
0.98517211 3.3863954e-05 0.014794023 
0.98513772 3.3857978e-05 0.01482842 
0.98510334 3.3852005e-05 0.014862804 
0.98506898 3.3846036e-05 0.014897177 
0.98503462 3.3840069e-05 0.014931538 
0.98500028 3.3834105e-05 0.014965886 
0.98496595 3.3828144e-05 0.015000222 
0.98493163 3.3822187e-05 0.015034547 
0.98489732 3.3816232e-05 0.015068859 
0.98486303 3.381028e-05 0.015103159 
0.98482875 3.3804331e-05 0.015137447 
0.98479448 3.3798386e-05 0.015171723 
0.98476022 3.3792443e-05 0.015205987 
0.98472597 3.3786503e-05 0.015240239 
0.98469174 3.3780566e-05 0.015274479 
0.98465752 3.3774633e-05 0.015308706 
0.98462331 3.3768702e-05 0.015342922 
0.98458911 3.3762774e-05 0.015377126 
0.98455493 3.3756849e-05 0.015411318 
0.98452075 3.3750927e-05 0.015445497 
0.98448659 3.3745008e-05 0.015479665 
0.98445244 3.3739092e-05 0.015513821 
0.9844183 3.3733179e-05 0.015547965 
0.98438418 3.3727269e-05 0.015582097 
0.98435006 3.3721362e-05 0.015616216 
0.98431596 3.3715458e-05 0.015650324 
0.98428187 3.3709557e-05 0.01568442 
0.98424779 3.3703658e-05 0.015718504 
0.98421373 3.3697763e-05 0.015752577 
0.98417967 3.3691871e-05 0.015786637 
0.98414563 3.3685981e-05 0.015820685 
0.9841116 3.3680095e-05 0.015854721 
0.98407758 3.3674212e-05 0.015888746 
0.98404357 3.3668331e-05 0.015922759 
0.98400958 3.3662453e-05 0.015956759 
0.9839756 3.3656579e-05 0.015990748 
0.98394162 3.3650707e-05 0.016024725 
0.98390766 3.3644838e-05 0.01605869 
0.98387372 3.3638972e-05 0.016092644 
0.98383978 3.3633109e-05 0.016126585 
0.98380586 3.3627249e-05 0.016160515 
0.98377195 3.3621392e-05 0.016194433 
0.98373805 3.3615538e-05 0.016228339 
0.98370416 3.3609687e-05 0.016262233 
0.98367028 3.3603838e-05 0.016296116 
0.98363642 3.3597993e-05 0.016329986 
0.98360256 3.359215e-05 0.016363845 
0.98356872 3.3586311e-05 0.016397692 
0.98353489 3.3580474e-05 0.016431527 
0.98350107 3.357464e-05 0.016465351 
0.98346727 3.3568809e-05 0.016499163 
0.98343347 3.3562981e-05 0.016532963 
0.98339969 3.3557156e-05 0.016566751 
0.98336592 3.3551334e-05 0.016600528 
0.98333216 3.3545514e-05 0.016634293 
0.98329841 3.3539698e-05 0.016668046 
0.98326468 3.3533884e-05 0.016701787 
0.98323095 3.3528073e-05 0.016735517 
0.98319724 3.3522266e-05 0.016769235 
0.98316354 3.3516461e-05 0.016802942 
0.98312985 3.3510659e-05 0.016836637 
0.98309618 3.3504859e-05 0.01687032 
0.98306251 3.3499063e-05 0.016903991 
0.98302886 3.349327e-05 0.016937651 
0.98299521 3.3487479e-05 0.016971299 
0.98296158 3.3481691e-05 0.017004936 
0.98292796 3.3475907e-05 0.01703856 
0.98289436 3.3470125e-05 0.017072174 
0.98286076 3.3464346e-05 0.017105775 
0.98282718 3.3458569e-05 0.017139365 
0.9827936 3.3452796e-05 0.017172944 
0.98276004 3.3447025e-05 0.017206511 
0.98272649 3.3441258e-05 0.017240066 
0.98269295 3.3435493e-05 0.01727361 
0.98265943 3.3429731e-05 0.017307142 
0.98262591 3.3423972e-05 0.017340663 
0.98259241 3.3418215e-05 0.017374172 
0.98255892 3.3412462e-05 0.017407669 
0.98252544 3.3406711e-05 0.017441155 
0.98249197 3.3400963e-05 0.01747463 
0.98245851 3.3395218e-05 0.017508093 
0.98242507 3.3389476e-05 0.017541544 
0.98239163 3.3383737e-05 0.017574984 
0.98235821 3.3378001e-05 0.017608413 
0.9823248 3.3372267e-05 0.01764183 
0.9822914 3.3366536e-05 0.017675235 
0.98225801 3.3360808e-05 0.017708629 
0.98222463 3.3355083e-05 0.017742012 
0.98219127 3.3349361e-05 0.017775383 
0.98215791 3.3343641e-05 0.017808743 
0.98212457 3.3337924e-05 0.017842091 
0.98209124 3.333221e-05 0.017875428 
0.98205792 3.3326499e-05 0.017908753 
0.98202461 3.3320791e-05 0.017942067 
0.98199132 3.3315085e-05 0.01797537 
0.98195803 3.3309383e-05 0.018008661 
0.98192476 3.3303683e-05 0.01804194 
0.98189149 3.3297986e-05 0.018075209 
0.98185824 3.3292291e-05 0.018108466 
0.981825 3.32866e-05 0.018141711 
0.98179177 3.3280911e-05 0.018174946 
0.98175856 3.3275225e-05 0.018208169 
0.98172535 3.3269542e-05 0.01824138 
0.98169216 3.3263862e-05 0.01827458 
0.98165897 3.3258184e-05 0.018307769 
0.9816258 3.3252509e-05 0.018340947 
0.98159264 3.3246837e-05 0.018374113 
0.98155949 3.3241168e-05 0.018407268 
0.98152635 3.3235501e-05 0.018440411 
0.98149323 3.3229838e-05 0.018473544 
0.98146011 3.3224177e-05 0.018506665 
0.98142701 3.3218518e-05 0.018539775 
0.98139391 3.3212863e-05 0.018572873 
0.98136083 3.320721e-05 0.01860596 
0.98132776 3.320156e-05 0.018639036 
0.9812947 3.3195913e-05 0.018672101 
0.98126166 3.3190269e-05 0.018705154 
0.98122862 3.3184627e-05 0.018738196 
0.98119559 3.3178988e-05 0.018771227 
0.98116258 3.3173352e-05 0.018804247 
0.98112958 3.3167719e-05 0.018837256 
0.98109658 3.3162088e-05 0.018870253 
0.9810636 3.315646e-05 0.018903239 
0.98103064 3.3150835e-05 0.018936214 
0.98099768 3.3145213e-05 0.018969178 
0.98096473 3.3139593e-05 0.01900213 
0.98093179 3.3133976e-05 0.019035072 
0.98089887 3.3128362e-05 0.019068002 
0.98086596 3.3122751e-05 0.019100921 
0.98083305 3.3117142e-05 0.019133829 
0.98080016 3.3111536e-05 0.019166726 
0.98076728 3.3105933e-05 0.019199611 
0.98073441 3.3100332e-05 0.019232486 
0.98070156 3.3094734e-05 0.019265349 
0.98066871 3.3089139e-05 0.019298202 
0.98063587 3.3083547e-05 0.019331043 
0.98060305 3.3077957e-05 0.019363873 
0.98057024 3.307237e-05 0.019396692 
0.98053743 3.3066786e-05 0.0194295 
0.98050464 3.3061204e-05 0.019462297 
0.98047186 3.3055625e-05 0.019495082 
0.98043909 3.3050049e-05 0.019527857 
0.98040633 3.3044476e-05 0.019560621 
0.98037359 3.3038905e-05 0.019593373 
0.98034085 3.3033337e-05 0.019626115 
0.98030813 3.3027772e-05 0.019658845 
0.98027541 3.3022209e-05 0.019691565 
0.98024271 3.3016649e-05 0.019724273 
0.98021002 3.3011092e-05 0.019756971 
0.98017734 3.3005537e-05 0.019789657 
0.98014467 3.2999985e-05 0.019822333 
0.98011201 3.2994436e-05 0.019854997 
0.98007936 3.2988889e-05 0.019887651 
0.98004672 3.2983346e-05 0.019920293 
0.9800141 3.2977804e-05 0.019952925 
0.97998148 3.2972266e-05 0.019985545 
0.97994888 3.296673e-05 0.020018155 
0.97991629 3.2961197e-05 0.020050754 
0.9798837 3.2955666e-05 0.020083342 
0.97985113 3.2950139e-05 0.020115918 
0.97981857 3.2944613e-05 0.020148484 
0.97978602 3.2939091e-05 0.020181039 
0.97975348 3.2933571e-05 0.020213583 
0.97972096 3.2928054e-05 0.020246116 
0.97968844 3.292254e-05 0.020278639 
0.97965593 3.2917028e-05 0.02031115 
0.97962344 3.2911518e-05 0.02034365 
0.97959095 3.2906012e-05 0.02037614 
0.97955848 3.2900508e-05 0.020408619 
0.97952602 3.2895007e-05 0.020441087 
0.97949357 3.2889508e-05 0.020473544 
0.97946113 3.2884012e-05 0.02050599 
0.9794287 3.2878519e-05 0.020538425 
0.97939628 3.2873028e-05 0.02057085 
0.97936387 3.286754e-05 0.020603263 
0.97933147 3.2862055e-05 0.020635666 
0.97929909 3.2856572e-05 0.020668058 
0.97926671 3.2851092e-05 0.020700439 
0.97923434 3.2845614e-05 0.02073281 
0.97920199 3.2840139e-05 0.02076517 
0.97916965 3.2834667e-05 0.020797518 
0.97913731 3.2829198e-05 0.020829856 
0.97910499 3.2823731e-05 0.020862184 
0.97907268 3.2818266e-05 0.0208945 
0.97904038 3.2812804e-05 0.020926806 
0.97900809 3.2807345e-05 0.020959101 
0.97897581 3.2801889e-05 0.020991385 
0.97894354 3.2796435e-05 0.021023659 
0.97891129 3.2790984e-05 0.021055922 
0.97887904 3.2785535e-05 0.021088174 
0.9788468 3.2780089e-05 0.021120415 
0.97881458 3.2774645e-05 0.021152646 
0.97878236 3.2769204e-05 0.021184866 
0.97875016 3.2763766e-05 0.021217075 
0.97871797 3.275833e-05 0.021249274 
0.97868579 3.2752897e-05 0.021281462 
0.97865361 3.2747467e-05 0.021313639 
0.97862145 3.2742039e-05 0.021345805 
0.9785893 3.2736613e-05 0.021377961 
0.97855716 3.2731191e-05 0.021410107 
0.97852503 3.2725771e-05 0.021442241 
0.97849291 3.2720353e-05 0.021474365 
0.97846081 3.2714938e-05 0.021506479 
0.97842871 3.2709526e-05 0.021538581 
0.97839662 3.2704116e-05 0.021570673 
0.97836455 3.2698709e-05 0.021602755 
0.97833248 3.2693304e-05 0.021634826 
0.97830043 3.2687902e-05 0.021666886 
0.97826838 3.2682502e-05 0.021698936 
0.97823635 3.2677105e-05 0.021730975 
0.97820433 3.2671711e-05 0.021763003 
0.97817231 3.2666319e-05 0.021795021 
0.97814031 3.266093e-05 0.021827028 
0.97810832 3.2655543e-05 0.021859025 
0.97807634 3.2650159e-05 0.021891012 
0.97804437 3.2644777e-05 0.021922987 
0.97801241 3.2639398e-05 0.021954952 
0.97798046 3.2634022e-05 0.021986907 
0.97794852 3.2628648e-05 0.022018851 
0.97791659 3.2623277e-05 0.022050785 
0.97788467 3.2617908e-05 0.022082708 
0.97785277 3.2612542e-05 0.02211462 
0.97782087 3.2607178e-05 0.022146523 
0.97778898 3.2601817e-05 0.022178414 
0.97775711 3.2596458e-05 0.022210295 
0.97772524 3.2591102e-05 0.022242166 
0.97769339 3.2585748e-05 0.022274026 
0.97766154 3.2580397e-05 0.022305876 
0.97762971 3.2575049e-05 0.022337715 
0.97759789 3.2569703e-05 0.022369544 
0.97756607 3.256436e-05 0.022401362 
0.97753427 3.2559019e-05 0.02243317 
0.97750248 3.255368e-05 0.022464968 
0.9774707 3.2548344e-05 0.022496755 
0.97743893 3.2543011e-05 0.022528531 
0.97740716 3.253768e-05 0.022560297 
0.97737541 3.2532352e-05 0.022592053 
0.97734367 3.2527026e-05 0.022623799 
0.97731194 3.2521703e-05 0.022655534 
0.97728023 3.2516382e-05 0.022687258 
0.97724852 3.2511064e-05 0.022718973 
0.97721682 3.2505748e-05 0.022750677 
0.97718513 3.2500435e-05 0.02278237 
0.97715345 3.2495124e-05 0.022814053 
0.97712178 3.2489816e-05 0.022845726 
0.97709013 3.248451e-05 0.022877389 
0.97705848 3.2479207e-05 0.022909041 
0.97702684 3.2473906e-05 0.022940682 
0.97699522 3.2468608e-05 0.022972314 
0.9769636 3.2463312e-05 0.023003935 
0.976932 3.2458019e-05 0.023035546 
0.9769004 3.2452728e-05 0.023067146 
0.97686882 3.244744e-05 0.023098737 
0.97683724 3.2442154e-05 0.023130317 
0.97680568 3.2436871e-05 0.023161886 
0.97677412 3.243159e-05 0.023193446 
0.97674258 3.2426312e-05 0.023224995 
0.97671105 3.2421036e-05 0.023256534 
0.97667952 3.2415763e-05 0.023288062 
0.97664801 3.2410492e-05 0.023319581 
0.97661651 3.2405223e-05 0.023351089 
0.97658501 3.2399958e-05 0.023382586 
0.97655353 3.2394694e-05 0.023414074 
0.97652206 3.2389433e-05 0.023445551 
0.9764906 3.2384175e-05 0.023477019 
0.97645915 3.2378918e-05 0.023508475 
0.9764277 3.2373665e-05 0.023539922 
0.97639627 3.2368414e-05 0.023571359 
0.97636485 3.2363165e-05 0.023602785 
0.97633344 3.2357919e-05 0.023634201 
0.97630204 3.2352675e-05 0.023665607 
0.97627065 3.2347434e-05 0.023697003 
0.97623927 3.2342195e-05 0.023728389 
0.9762079 3.2336958e-05 0.023759764 
0.97617654 3.2331724e-05 0.023791129 
0.97614519 3.2326493e-05 0.023822484 
0.97611385 3.2321264e-05 0.023853829 
0.97608252 3.2316037e-05 0.023885164 
0.9760512 3.2310813e-05 0.023916489 
0.97601989 3.2305591e-05 0.023947804 
0.97598859 3.2300372e-05 0.023979108 
0.9759573 3.2295155e-05 0.024010402 
0.97592602 3.2289941e-05 0.024041687 
0.97589475 3.2284729e-05 0.024072961 
0.9758635 3.2279519e-05 0.024104225 
0.97583225 3.2274312e-05 0.024135479 
0.97580101 3.2269107e-05 0.024166723 
0.97576978 3.2263905e-05 0.024197957 
0.97573856 3.2258705e-05 0.02422918 
0.97570735 3.2253508e-05 0.024260394 
0.97567615 3.2248313e-05 0.024291598 
0.97564497 3.224312e-05 0.024322791 
0.97561379 3.223793e-05 0.024353975 
0.97558262 3.2232742e-05 0.024385148 
0.97555146 3.2227557e-05 0.024416312 
0.97552031 3.2222374e-05 0.024447465 
0.97548917 3.2217193e-05 0.024478609 
0.97545805 3.2212015e-05 0.024509742 
0.97542693 3.2206839e-05 0.024540866 
0.97539582 3.2201666e-05 0.024571979 
0.97536472 3.2196495e-05 0.024603082 
0.97533363 3.2191326e-05 0.024634176 
0.97530255 3.218616e-05 0.024665259 
0.97527149 3.2180997e-05 0.024696333 
0.97524043 3.2175835e-05 0.024727396 
0.97520938 3.2170676e-05 0.02475845 
0.97517834 3.216552e-05 0.024789493 
0.97514731 3.2160366e-05 0.024820527 
0.97511629 3.2155214e-05 0.024851551 
0.97508529 3.2150064e-05 0.024882565 
0.97505429 3.2144917e-05 0.024913568 
0.9750233 3.2139773e-05 0.024944562 
0.97499232 3.2134631e-05 0.024975546 
0.97496135 3.2129491e-05 0.02500652 
0.97493039 3.2124353e-05 0.025037485 
0.97489944 3.2119218e-05 0.025068439 
0.9748685 3.2114085e-05 0.025099383 
0.97483757 3.2108955e-05 0.025130318 
0.97480665 3.2103827e-05 0.025161242 
0.97477574 3.2098702e-05 0.025192157 
0.97474484 3.2093578e-05 0.025223062 
0.97471395 3.2088457e-05 0.025253957 
0.97468307 3.2083339e-05 0.025284842 
0.9746522 3.2078223e-05 0.025315717 
0.97462134 3.2073109e-05 0.025346583 
0.97459049 3.2067998e-05 0.025377438 
0.97455965 3.2062888e-05 0.025408284 
0.97452882 3.2057782e-05 0.02543912 
0.974498 3.2052677e-05 0.025469946 
0.97446719 3.2047575e-05 0.025500763 
0.97443639 3.2042476e-05 0.025531569 
0.9744056 3.2037378e-05 0.025562366 
0.97437482 3.2032283e-05 0.025593153 
0.97434404 3.2027191e-05 0.02562393 
0.97431328 3.2022101e-05 0.025654697 
0.97428253 3.2017013e-05 0.025685455 
0.97425179 3.2011927e-05 0.025716202 
0.97422105 3.2006844e-05 0.02574694 
0.97419033 3.2001763e-05 0.025777669 
0.97415962 3.1996684e-05 0.025808387 
0.97412891 3.1991608e-05 0.025839096 
0.97409822 3.1986534e-05 0.025869795 
0.97406753 3.1981463e-05 0.025900484 
0.97403686 3.1976393e-05 0.025931164 
0.97400619 3.1971326e-05 0.025961834 
0.97397554 3.1966262e-05 0.025992494 
0.97394489 3.1961199e-05 0.026023144 
0.97391426 3.195614e-05 0.026053785 
0.97388363 3.1951082e-05 0.026084416 
0.97385302 3.1946027e-05 0.026115037 
0.97382241 3.1940974e-05 0.026145649 
0.97379181 3.1935923e-05 0.026176251 
0.97376123 3.1930874e-05 0.026206843 
0.97373065 3.1925828e-05 0.026237426 
0.97370008 3.1920785e-05 0.026267999 
0.97366952 3.1915743e-05 0.026298562 
0.97363897 3.1910704e-05 0.026329115 
0.97360843 3.1905667e-05 0.026359659 
0.97357791 3.1900633e-05 0.026390194 
0.97354739 3.1895601e-05 0.026420718 
0.97351688 3.1890571e-05 0.026451233 
0.97348638 3.1885543e-05 0.026481739 
0.97345588 3.1880518e-05 0.026512235 
0.9734254 3.1875495e-05 0.026542721 
0.97339493 3.1870474e-05 0.026573198 
0.97336447 3.1865455e-05 0.026603665 
0.97333402 3.1860439e-05 0.026634122 
0.97330357 3.1855425e-05 0.02666457 
0.97327314 3.1850414e-05 0.026695008 
0.97324272 3.1845405e-05 0.026725437 
0.9732123 3.1840398e-05 0.026755856 
0.9731819 3.1835393e-05 0.026786265 
0.9731515 3.183039e-05 0.026816665 
0.97312112 3.182539e-05 0.026847056 
0.97309074 3.1820392e-05 0.026877437 
0.97306038 3.1815397e-05 0.026907808 
0.97303002 3.1810403e-05 0.02693817 
0.97299967 3.1805412e-05 0.026968522 
0.97296933 3.1800423e-05 0.026998865 
0.97293901 3.1795437e-05 0.027029198 
0.97290869 3.1790453e-05 0.027059522 
0.97287838 3.1785471e-05 0.027089836 
0.97284808 3.1780491e-05 0.027120141 
0.97281779 3.1775513e-05 0.027150436 
0.97278751 3.1770538e-05 0.027180722 
0.97275724 3.1765565e-05 0.027210998 
0.97272697 3.1760595e-05 0.027241265 
0.97269672 3.1755626e-05 0.027271522 
0.97266648 3.175066e-05 0.02730177 
0.97263625 3.1745696e-05 0.027332009 
0.97260602 3.1740734e-05 0.027362238 
0.97257581 3.1735775e-05 0.027392457 
0.9725456 3.1730818e-05 0.027422667 
0.97251541 3.1725863e-05 0.027452868 
0.97248522 3.172091e-05 0.027483059 
0.97245504 3.171596e-05 0.027513241 
0.97242488 3.1711011e-05 0.027543413 
0.97239472 3.1706066e-05 0.027573576 
0.97236457 3.1701122e-05 0.02760373 
0.97233443 3.169618e-05 0.027633874 
0.9723043 3.1691241e-05 0.027664008 
0.97227418 3.1686304e-05 0.027694134 
0.97224407 3.1681369e-05 0.02772425 
0.97221397 3.1676437e-05 0.027754356 
0.97218387 3.1671506e-05 0.027784454 
0.97215379 3.1666578e-05 0.027814541 
0.97212372 3.1661652e-05 0.02784462 
0.97209365 3.1656729e-05 0.027874689 
0.9720636 3.1651807e-05 0.027904749 
0.97203355 3.1646888e-05 0.027934799 
0.97200352 3.1641971e-05 0.02796484 
0.97197349 3.1637056e-05 0.027994872 
0.97194347 3.1632144e-05 0.028024895 
0.97191347 3.1627233e-05 0.028054908 
0.97188347 3.1622325e-05 0.028084911 
0.97185348 3.1617419e-05 0.028114906 
0.9718235 3.1612516e-05 0.028144891 
0.97179353 3.1607614e-05 0.028174867 
0.97176356 3.1602715e-05 0.028204834 
0.97173361 3.1597818e-05 0.028234791 
0.97170367 3.1592923e-05 0.028264739 
0.97167373 3.158803e-05 0.028294678 
0.97164381 3.158314e-05 0.028324607 
0.97161389 3.1578252e-05 0.028354527 
0.97158399 3.1573366e-05 0.028384438 
0.97155409 3.1568482e-05 0.02841434 
0.9715242 3.15636e-05 0.028444232 
0.97149433 3.155872e-05 0.028474116 
0.97146446 3.1553843e-05 0.02850399 
0.9714346 3.1548968e-05 0.028533854 
0.97140475 3.1544095e-05 0.02856371 
0.9713749 3.1539224e-05 0.028593556 
0.97134507 3.1534356e-05 0.028623393 
0.97131525 3.1529489e-05 0.028653221 
0.97128544 3.1524625e-05 0.02868304 
0.97125563 3.1519763e-05 0.028712849 
0.97122584 3.1514903e-05 0.028742649 
0.97119605 3.1510046e-05 0.028772441 
0.97116627 3.150519e-05 0.028802222 
0.9711365 3.1500337e-05 0.028831995 
0.97110675 3.1495486e-05 0.028861759 
0.971077 3.1490637e-05 0.028891513 
0.97104726 3.148579e-05 0.028921258 
0.97101752 3.1480946e-05 0.028950994 
0.9709878 3.1476103e-05 0.028980721 
0.97095809 3.1471263e-05 0.029010439 
0.97092839 3.1466425e-05 0.029040148 
0.97089869 3.1461589e-05 0.029069847 
0.97086901 3.1456755e-05 0.029099538 
0.97083933 3.1451923e-05 0.029129219 
0.97080966 3.1447094e-05 0.029158891 
0.97078 3.1442267e-05 0.029188554 
0.97075035 3.1437441e-05 0.029218208 
0.97072071 3.1432618e-05 0.029247853 
0.97069108 3.1427797e-05 0.029277489 
0.97066146 3.1422979e-05 0.029307115 
0.97063185 3.1418162e-05 0.029336733 
0.97060225 3.1413348e-05 0.029366341 
0.97057265 3.1408535e-05 0.029395941 
0.97054307 3.1403725e-05 0.029425531 
0.97051349 3.1398917e-05 0.029455112 
0.97048392 3.1394112e-05 0.029484685 
0.97045436 3.1389308e-05 0.029514248 
0.97042481 3.1384506e-05 0.029543802 
0.97039527 3.1379707e-05 0.029573347 
0.97036574 3.137491e-05 0.029602883 
0.97033622 3.1370114e-05 0.02963241 
0.97030671 3.1365321e-05 0.029661928 
0.9702772 3.136053e-05 0.029691437 
0.97024771 3.1355742e-05 0.029720937 
0.97021822 3.1350955e-05 0.029750428 
0.97018874 3.134617e-05 0.02977991 
0.97015928 3.1341388e-05 0.029809383 
0.97012982 3.1336608e-05 0.029838847 
0.97010037 3.133183e-05 0.029868302 
0.97007092 3.1327054e-05 0.029897748 
0.97004149 3.132228e-05 0.029927185 
0.97001207 3.1317508e-05 0.029956613 
0.96998266 3.1312738e-05 0.029986032 
0.96995325 3.1307971e-05 0.030015442 
0.96992385 3.1303205e-05 0.030044844 
0.96989447 3.1298442e-05 0.030074236 
0.96986509 3.1293681e-05 0.030103619 
0.96983572 3.1288922e-05 0.030132994 
0.96980636 3.1284165e-05 0.030162359 
0.96977701 3.127941e-05 0.030191715 
0.96974766 3.1274657e-05 0.030221063 
0.96971833 3.1269906e-05 0.030250402 
0.969689 3.1265158e-05 0.030279731 
0.96965969 3.1260411e-05 0.030309052 
0.96963038 3.1255667e-05 0.030338364 
0.96960108 3.1250924e-05 0.030367667 
0.96957179 3.1246184e-05 0.030396961 
0.96954251 3.1241446e-05 0.030426247 
0.96951324 3.123671e-05 0.030455523 
0.96948398 3.1231976e-05 0.030484791 
0.96945472 3.1227244e-05 0.030514049 
0.96942548 3.1222514e-05 0.030543299 
0.96939624 3.1217787e-05 0.03057254 
0.96936701 3.1213061e-05 0.030601772 
0.9693378 3.1208338e-05 0.030630995 
0.96930859 3.1203616e-05 0.03066021 
0.96927939 3.1198897e-05 0.030689415 
0.96925019 3.119418e-05 0.030718612 
0.96922101 3.1189464e-05 0.0307478 
0.96919184 3.1184751e-05 0.030776979 
0.96916267 3.118004e-05 0.030806149 
0.96913351 3.1175331e-05 0.030835311 
0.96910437 3.1170624e-05 0.030864463 
0.96907523 3.116592e-05 0.030893607 
0.9690461 3.1161217e-05 0.030922742 
0.96901698 3.1156516e-05 0.030951868 
0.96898786 3.1151818e-05 0.030980986 
0.96895876 3.1147121e-05 0.031010095 
0.96892966 3.1142427e-05 0.031039194 
0.96890058 3.1137734e-05 0.031068286 
0.9688715 3.1133044e-05 0.031097368 
0.96884243 3.1128355e-05 0.031126442 
0.96881337 3.1123669e-05 0.031155506 
0.96878432 3.1118985e-05 0.031184563 
0.96875528 3.1114303e-05 0.03121361 
0.96872624 3.1109623e-05 0.031242649 
0.96869722 3.1104945e-05 0.031271678 
0.9686682 3.1100269e-05 0.0313007 
0.96863919 3.1095595e-05 0.031329712 
0.96861019 3.1090923e-05 0.031358716 
0.9685812 3.1086253e-05 0.031387711 
0.96855222 3.1081585e-05 0.031416697 
0.96852325 3.107692e-05 0.031445675 
0.96849428 3.1072256e-05 0.031474644 
0.96846533 3.1067594e-05 0.031503604 
0.96843638 3.1062935e-05 0.031532555 
0.96840744 3.1058277e-05 0.031561498 
0.96837851 3.1053621e-05 0.031590432 
0.96834959 3.1048968e-05 0.031619358 
0.96832068 3.1044316e-05 0.031648275 
0.96829178 3.1039667e-05 0.031677183 
0.96826288 3.103502e-05 0.031706082 
0.968234 3.1030374e-05 0.031734973 
0.96820512 3.1025731e-05 0.031763855 
0.96817625 3.1021089e-05 0.031792729 
0.96814739 3.101645e-05 0.031821594 
0.96811854 3.1011813e-05 0.03185045 
0.9680897 3.1007178e-05 0.031879298 
0.96806086 3.1002544e-05 0.031908137 
0.96803203 3.0997913e-05 0.031936967 
0.96800322 3.0993284e-05 0.031965789 
0.96797441 3.0988657e-05 0.031994602 
0.96794561 3.0984032e-05 0.032023407 
0.96791682 3.0979408e-05 0.032052203 
0.96788803 3.0974787e-05 0.03208099 
0.96785926 3.0970168e-05 0.032109769 
0.9678305 3.0965551e-05 0.032138539 
0.96780174 3.0960936e-05 0.032167301 
0.96777299 3.0956323e-05 0.032196054 
0.96774425 3.0951712e-05 0.032224799 
0.96771552 3.0947103e-05 0.032253535 
0.9676868 3.0942495e-05 0.032282262 
0.96765808 3.093789e-05 0.032310981 
0.96762938 3.0933287e-05 0.032339691 
0.96760068 3.0928686e-05 0.032368393 
0.96757199 3.0924087e-05 0.032397086 
0.96754331 3.091949e-05 0.032425771 
0.96751464 3.0914895e-05 0.032454447 
0.96748597 3.0910302e-05 0.032483115 
0.96745732 3.0905711e-05 0.032511774 
0.96742867 3.0901121e-05 0.032540425 
0.96740004 3.0896534e-05 0.032569067 
0.96737141 3.0891949e-05 0.0325977 
0.96734279 3.0887366e-05 0.032626325 
0.96731418 3.0882785e-05 0.032654942 
0.96728557 3.0878206e-05 0.03268355 
0.96725698 3.0873628e-05 0.03271215 
0.96722839 3.0869053e-05 0.032740741 
0.96719981 3.086448e-05 0.032769324 
0.96717124 3.0859909e-05 0.032797898 
0.96714268 3.0855339e-05 0.032826464 
0.96711413 3.0850772e-05 0.032855021 
0.96708558 3.0846207e-05 0.03288357 
0.96705705 3.0841643e-05 0.032912111 
0.96702852 3.0837082e-05 0.032940643 
0.967 3.0832522e-05 0.032969166 
0.96697149 3.0827965e-05 0.032997681 
0.96694299 3.0823409e-05 0.033026188 
0.9669145 3.0818856e-05 0.033054686 
0.96688601 3.0814304e-05 0.033083176 
0.96685753 3.0809755e-05 0.033111657 
0.96682906 3.0805207e-05 0.03314013 
0.9668006 3.0800661e-05 0.033168595 
0.96677215 3.0796118e-05 0.033197051 
0.96674371 3.0791576e-05 0.033225499 
0.96671527 3.0787036e-05 0.033253939 
0.96668685 3.0782498e-05 0.03328237 
0.96665843 3.0777962e-05 0.033310792 
0.96663002 3.0773429e-05 0.033339207 
0.96660162 3.0768897e-05 0.033367613 
0.96657323 3.0764367e-05 0.03339601 
0.96654484 3.0759838e-05 0.033424399 
0.96651646 3.0755312e-05 0.03345278 
0.9664881 3.0750788e-05 0.033481153 
0.96645974 3.0746266e-05 0.033509517 
0.96643139 3.0741746e-05 0.033537873 
0.96640304 3.0737227e-05 0.03356622 
0.96637471 3.0732711e-05 0.033594559 
0.96634638 3.0728196e-05 0.03362289 
0.96631806 3.0723684e-05 0.033651213 
0.96628975 3.0719173e-05 0.033679527 
0.96626145 3.0714664e-05 0.033707833 
0.96623316 3.0710158e-05 0.03373613 
0.96620487 3.0705653e-05 0.033764419 
0.9661766 3.070115e-05 0.0337927 
0.96614833 3.0696649e-05 0.033820973 
0.96612007 3.069215e-05 0.033849237 
0.96609182 3.0687653e-05 0.033877494 
0.96606358 3.0683158e-05 0.033905741 
0.96603534 3.0678665e-05 0.033933981 
0.96600711 3.0674173e-05 0.033962212 
0.9659789 3.0669684e-05 0.033990435 
0.96595068 3.0665196e-05 0.03401865 
0.96592248 3.0660711e-05 0.034046857 
0.96589429 3.0656227e-05 0.034075055 
0.9658661 3.0651746e-05 0.034103245 
0.96583793 3.0647266e-05 0.034131427 
0.96580976 3.0642788e-05 0.0341596 
0.9657816 3.0638312e-05 0.034187765 
0.96575344 3.0633838e-05 0.034215922 
0.9657253 3.0629366e-05 0.034244071 
0.96569716 3.0624896e-05 0.034272212 
0.96566904 3.0620427e-05 0.034300344 
0.96564092 3.0615961e-05 0.034328469 
0.9656128 3.0611496e-05 0.034356585 
0.9655847 3.0607034e-05 0.034384692 
0.96555661 3.0602573e-05 0.034412792 
0.96552852 3.0598114e-05 0.034440883 
0.96550044 3.0593657e-05 0.034468967 
0.96547237 3.0589202e-05 0.034497042 
0.96544431 3.0584749e-05 0.034525109 
0.96541625 3.0580298e-05 0.034553167 
0.96538821 3.0575849e-05 0.034581218 
0.96536017 3.0571401e-05 0.03460926 
0.96533214 3.0566956e-05 0.034637295 
0.96530412 3.0562512e-05 0.034665321 
0.9652761 3.0558071e-05 0.034693339 
0.9652481 3.0553631e-05 0.034721348 
0.9652201 3.0549193e-05 0.03474935 
0.96519211 3.0544757e-05 0.034777344 
0.96516413 3.0540323e-05 0.034805329 
0.96513616 3.053589e-05 0.034833306 
0.96510819 3.053146e-05 0.034861275 
0.96508024 3.0527031e-05 0.034889236 
0.96505229 3.0522605e-05 0.034917189 
0.96502435 3.051818e-05 0.034945134 
0.96499642 3.0513757e-05 0.034973071 
0.96496849 3.0509336e-05 0.035001 
